*     Rice grown in potential water production situation
*     Rice grown in potential N production situation
*     ORYZA model runs to simulate an experiment
*     Rice crop is transplanted
*     SETPMD: Penman evapotranspiration
*============================================================================
*
* FSE driver info:
*     Year: 1991, day:   4, System start
*     Year: 1991, day:  99, System end
*----------------------------------------------------------------------------
* Output table number  :  0 (=first output table)
* Output table format  : Spreadsheet output
* Simulation results
 
TIME	DVS	RDD	TMIN	TMAX	DTR	RAPCDT	PARCUM	NFLV	SLA	SLASIM	LESTRS	LRSTRS	PCEW	NSP	LAI	WAGT	WST	WLVG	WLVD	WLV	WSO	WRR14	ZRT	YEAR	DOY	CROPSTA	ETD	TRC	EVSC	RAIN	RAINCU
 
   4.00000    	     0.00000	 2.14640E+07	  23.500    	  32.000    	 2.14640E+07	 3.98307E+05	     0.00000	 0.50000    	 6.00000E-03	 0.10000    	  1.0000    	  1.0000    	  1.0000    	     0.00000	 0.10000    	 2.00000E-02	     0.00000	     0.00000	     0.00000	 1.00000E-02	     0.00000	     0.00000	 1.00000E-04	  1991.0    	  4.0000    	  1.0000    	  5.7767    	     0.00000	  5.7767    	     0.00000	     0.00000
   5.00000    	 1.22680E-02	 1.46030E+07	  24.500    	  31.000    	 1.46030E+07	 3.10115E+05	 0.39831    	 0.50000    	 6.00000E-03	 5.27577E-02	  1.0000    	  1.0000    	  1.0000    	     0.00000	 0.11578    	  4.3890    	  2.1945    	  2.1945    	     0.00000	  2.1945    	     0.00000	     0.00000	     0.00000	  1991.0    	  5.0000    	  2.0000    	  4.3830    	 0.29334    	  4.1365    	  2.0000    	     0.00000
   6.00000    	 2.50103E-02	 9.58200E+06	  23.000    	  31.000    	 9.58200E+06	 2.37420E+05	 0.70842    	 0.50000    	 6.00000E-03	 2.95432E-02	  1.0000    	  1.0000    	  1.0000    	     0.00000	 0.13475    	  9.1220    	  4.5610    	  4.5610    	     0.00000	  4.5610    	     0.00000	     0.00000	     0.00000	  1991.0    	  6.0000    	  2.0000    	  3.4185    	 0.27316    	  3.1957    	  7.0000    	  2.0000    
   7.00000    	 3.72840E-02	 2.02510E+07	  22.500    	  31.500    	 2.02510E+07	 5.79920E+05	 0.94584    	 0.50000    	 6.00000E-03	 2.29521E-02	  1.0000    	  1.0000    	  1.0000    	     0.00000	 0.15601    	  13.595    	  6.7974    	  6.7974    	     0.00000	  6.7974    	     0.00000	     0.00000	     0.00000	  1991.0    	  7.0000    	  2.0000    	  5.3520    	 0.48868    	  4.9504    	  1.0000    	  9.0000    
   8.00000    	 4.93474E-02	 4.22600E+06	  22.000    	  28.500    	 4.22600E+06	 1.39916E+05	  1.5258    	 0.50000    	 6.00000E-03	 1.75034E-02	  1.0000    	  1.0000    	  1.0000    	     0.00000	 0.18022    	  20.592    	  10.296    	  10.296    	     0.00000	  10.296    	     0.00000	     0.00000	     0.00000	  1991.0    	  8.0000    	  2.0000    	  1.6899    	 0.23239    	  1.5443    	  64.000    	  10.000    
   9.00000    	 6.07496E-02	 2.02510E+07	  22.500    	  33.000    	 2.02510E+07	 7.59454E+05	  1.6657    	 0.50000    	 6.00000E-03	 1.71874E-02	  1.0000    	  1.0000    	  1.0000    	     0.00000	 0.20664    	  24.045    	  12.023    	  12.023    	     0.00000	  12.023    	     0.00000	     0.00000	     0.00000	  1991.0    	  9.0000    	  2.0000    	  5.5796    	 0.67818    	  5.0319    	  11.000    	  74.000    
   10.0000    	 7.24848E-02	 1.79080E+07	  24.500    	  32.500    	 1.79080E+07	 7.67004E+05	  2.4251    	 0.50000    	 6.00000E-03	 1.42598E-02	  1.0000    	  1.0000    	  1.0000    	     0.00000	 0.23782    	  33.356    	  16.678    	  16.678    	     0.00000	  16.678    	     0.00000	     0.00000	     0.00000	  1991.0    	  10.000    	  2.0000    	  5.3039    	 0.74000    	  4.7092    	  4.0000    	  85.000    
   11.0000    	 8.48794E-02	 1.31380E+07	  23.000    	  32.500    	 1.31380E+07	 6.46283E+05	  3.1921    	 0.50000    	 6.00000E-03	 1.25594E-02	  1.0000    	  1.0000    	  1.0000    	     0.00000	 0.27573    	  43.908    	  21.954    	  21.954    	     0.00000	  21.954    	     0.00000	     0.00000	     0.00000	  1991.0    	  11.000    	  2.0000    	  4.3966    	 0.73914    	  3.8304    	     0.00000	  89.000    
   12.0000    	 9.68908E-02	 8.36800E+06	  24.000    	  30.500    	 8.36800E+06	 4.77357E+05	  3.8384    	 0.50000    	 6.00000E-03	 1.15980E-02	  1.0000    	  1.0000    	  1.0000    	     0.00000	 0.31832    	  54.892    	  27.446    	  27.446    	     0.00000	  27.446    	     0.00000	     0.00000	     0.00000	  1991.0    	  12.000    	  2.0000    	  3.3455    	 0.68260    	  2.8533    	     0.00000	  89.000    
   13.0000    	 0.10951    	 1.85360E+07	  23.500    	  32.000    	 1.85360E+07	 1.20006E+06	  4.3158    	 0.50000    	 6.00000E-03	 1.14140E-02	  1.0000    	  1.0000    	  1.0000    	     0.00000	 0.36995    	  64.824    	  32.412    	  32.412    	     0.00000	  32.412    	     0.00000	     0.00000	     0.00000	  1991.0    	  13.000    	  2.0000    	  5.2484    	  1.1016    	  4.3620    	     0.00000	  89.000    
   14.0000    	 0.12177    	 1.54810E+07	  24.500    	  31.500    	 1.54810E+07	 1.14755E+06	  5.5158    	 0.50000    	 6.00000E-03	 1.04938E-02	  1.0000    	  1.0000    	  1.0000    	     0.00000	 0.42831    	  81.632    	  40.816    	  40.816    	     0.00000	  40.816    	     0.00000	     0.00000	     0.00000	  1991.0    	  14.000    	  2.0000    	  4.6515    	  1.0959    	  3.7548    	  19.000    	  89.000    
   15.0000    	 0.13443    	 1.54810E+07	  22.000    	  32.000    	 1.54810E+07	 1.31551E+06	  6.6634    	 0.50000    	 6.00000E-03	 9.94226E-03	  1.0000    	  1.0000    	  1.0000    	     0.00000	 0.49800    	  100.18    	  50.089    	  50.089    	     0.00000	  50.089    	     0.00000	     0.00000	     0.00000	  1991.0    	  15.000    	  2.0000    	  4.5752    	  1.2945    	  3.5667    	     0.00000	  108.00    
   16.0000    	 0.14625    	 1.79080E+07	  23.500    	  32.000    	 1.79080E+07	 1.72256E+06	  7.9789    	 0.50000    	 6.00000E-03	 9.41475E-03	  1.0000    	  1.0000    	  1.0000    	     0.00000	 0.57374    	  121.88    	  60.940    	  60.940    	     0.00000	  60.940    	     0.00000	     0.00000	     0.00000	  1991.0    	  16.000    	  2.0000    	  5.0477    	  1.6216    	  3.7889    	     0.00000	  108.00    
   17.0000    	 0.15852    	 1.37240E+07	  24.000    	  32.500    	 1.37240E+07	 1.50762E+06	  9.7015    	 0.50000    	 5.92184E-03	 8.99161E-03	  1.0000    	  1.0000    	  1.0000    	     0.00000	 0.66425    	  147.75    	  73.874    	  73.874    	     0.00000	  73.874    	     0.00000	     0.00000	     0.00000	  1991.0    	  17.000    	  2.0000    	  4.3751    	  1.6422    	  3.1387    	     0.00000	  108.00    
   18.0000    	 0.17079    	 1.31380E+07	  24.500    	  33.000    	 1.31380E+07	 1.63909E+06	  11.209    	 0.50000    	 5.78375E-03	 8.79898E-03	  1.0000    	  1.0000    	  1.0000    	     0.00000	 0.76903    	  174.80    	  87.400    	  87.400    	     0.00000	  87.400    	     0.00000	     0.00000	 5.00000E-02	  1991.0    	  18.000    	  3.0000    	  5.0990    	  2.5121    	  3.4713    	     0.00000	  108.00    
   19.0000    	 0.18303    	 1.54810E+07	  23.500    	  33.000    	 1.54810E+07	 2.97879E+05	  12.848    	 0.50000    	 5.65087E-03	 3.80149E-03	  1.0000    	  1.0000    	  1.0000    	     0.00000	 0.10151    	  53.406    	  26.703    	  26.703    	     0.00000	  26.703    	     0.00000	     0.00000	     0.00000	  1991.0    	  19.000    	  4.0000    	  5.4334    	 0.35714    	  5.1645    	  7.0000    	  108.00    
   20.0000    	 0.18303    	 1.72800E+07	  24.500    	  33.500    	 1.72800E+07	 3.33566E+05	  13.146    	 0.93791    	 5.65087E-03	 3.50358E-03	  1.0000    	  1.0000    	  1.0000    	     0.00000	 0.10151    	  57.948    	  28.974    	  28.974    	     0.00000	  28.974    	     0.00000	     0.00000	     0.00000	  1991.0    	  20.000    	  4.0000    	  5.8283    	 0.37052    	  5.5398    	     0.00000	  115.00    
   21.0000    	 0.18303    	 1.43100E+07	  24.500    	  33.000    	 1.43100E+07	 2.76960E+05	  13.480    	 0.93791    	 5.65087E-03	 3.17996E-03	  1.0000    	  1.0000    	  1.0000    	     0.00000	 0.10151    	  63.845    	  31.922    	  31.922    	     0.00000	  31.922    	     0.00000	     0.00000	     0.00000	  1991.0    	  21.000    	  4.0000    	  5.3794    	 0.35667    	  5.1132    	     0.00000	  115.00    
   22.0000    	 0.18303    	 1.19670E+07	  25.000    	  31.000    	 1.19670E+07	 2.32961E+05	  13.757    	 0.93791    	 5.65087E-03	 2.93696E-03	  1.0000    	  1.0000    	  1.0000    	     0.00000	 0.10151    	  69.127    	  34.564    	  34.564    	     0.00000	  34.564    	     0.00000	     0.00000	     0.00000	  1991.0    	  22.000    	  4.0000    	  4.5523    	 0.29109    	  4.3270    	     0.00000	  115.00    
   23.0000    	 0.18303    	 6.61100E+06	  25.000    	  31.000    	 6.61100E+06	 1.50894E+05	  13.990    	 0.93791    	 5.65087E-03	 3.20483E-03	  1.0000    	  1.0000    	  1.0000    	     0.00000	 0.11834    	  73.850    	  36.925    	  36.925    	     0.00000	  36.925    	     0.00000	     0.00000	     0.00000	  1991.0    	  23.000    	  4.0000    	  3.0111    	 0.25001    	  2.8381    	     0.00000	  115.00    
   24.0000    	 0.18303    	 4.22600E+06	  24.000    	  30.500    	 4.22600E+06	 1.11485E+05	  14.140    	 0.93791    	 5.65087E-03	 3.57424E-03	  1.0000    	  1.0000    	  1.0000    	     0.00000	 0.13795    	  77.192    	  38.596    	  38.596    	     0.00000	  38.596    	     0.00000	     0.00000	     0.00000	  1991.0    	  24.000    	  4.0000    	  2.2588    	 0.24971    	  2.1082    	  13.000    	  115.00    
   25.0000    	 0.19565    	 1.37240E+07	  23.000    	  32.000    	 1.37240E+07	 4.09726E+05	  14.252    	 0.93791    	 5.51900E-03	 4.02244E-03	  1.0000    	  1.0000    	  1.0000    	     0.00000	 0.16033    	  79.717    	  39.859    	  39.859    	     0.00000	  39.859    	     0.00000	     0.00000	     0.00000	  1991.0    	  25.000    	  4.0000    	  4.9042    	 0.49818    	  4.5264    	     0.00000	  128.00    
   26.0000    	 0.20777    	 8.99600E+06	  23.000    	  31.500    	 8.99600E+06	 3.13026E+05	  14.662    	 0.96032    	 5.39691E-03	 4.19920E-03	  1.0000    	  1.0000    	  1.0000    	     0.00000	 0.18532    	  88.264    	  44.132    	  44.132    	     0.00000	  44.132    	     0.00000	     0.00000	     0.00000	  1991.0    	  26.000    	  4.0000    	  3.9370    	 0.48874    	  3.5886    	  3.0000    	  128.00    
   27.0000    	 0.21998    	 1.96650E+07	  23.000    	  33.000    	 1.96650E+07	 7.69594E+05	  14.975    	 0.98204    	 5.27833E-03	 4.47955E-03	  1.0000    	  1.0000    	  1.0000    	     0.00000	 0.21442    	  95.732    	  47.866    	  47.866    	     0.00000	  47.866    	     0.00000	     0.00000	     0.00000	  1991.0    	  27.000    	  4.0000    	  6.1307    	 0.82903    	  5.5074    	     0.00000	  131.00    
   28.0000    	 0.23184    	 1.43100E+07	  24.500    	  32.500    	 1.43100E+07	 6.43071E+05	  15.744    	  1.0041    	 5.16720E-03	 4.50444E-03	  1.0000    	  1.0000    	  1.0000    	     0.00000	 0.24713    	  109.73    	  54.863    	  54.863    	     0.00000	  54.863    	     0.00000	     0.00000	     0.00000	  1991.0    	  28.000    	  4.0000    	  5.3152    	 0.84506    	  4.6974    	     0.00000	  131.00    
   29.0000    	 0.24424    	 1.01670E+07	  24.000    	  31.500    	 1.01670E+07	 5.32146E+05	  16.387    	  1.0257    	 5.05525E-03	 4.63015E-03	  1.0000    	  1.0000    	  1.0000    	     0.00000	 0.28652    	  123.76    	  61.881    	  61.881    	     0.00000	  61.881    	     0.00000	     0.00000	     0.00000	  1991.0    	  29.000    	  4.0000    	  4.4478    	 0.84001    	  3.8541    	     0.00000	  131.00    
   30.0000    	 0.25674    	 6.02500E+06	  25.000    	  30.500    	 6.02500E+06	 3.64558E+05	  16.919    	  1.0484    	 4.94643E-03	 4.85674E-03	  1.0000    	  1.0000    	  1.0000    	     0.00000	 0.33259    	  136.96    	  68.480    	  68.480    	     0.00000	  68.480    	     0.00000	     0.00000	     0.00000	  1991.0    	  30.000    	  4.0000    	  2.9434    	 0.71684    	  2.4925    	     0.00000	  131.00    
   31.0000    	 0.26967    	 7.19700E+06	  25.000    	  31.000    	 7.19700E+06	 5.01156E+05	  17.284    	  1.0715    	 4.83812E-03	 5.28183E-03	  1.0000    	  1.0000    	  1.0000    	     0.00000	 0.38790    	  146.88    	  73.440    	  73.440    	     0.00000	  73.440    	     0.00000	     0.00000	     0.00000	  1991.0    	  31.000    	  4.0000    	  3.0014    	 0.75627    	  2.4723    	     0.00000	  131.00    
   32.0000    	 0.28256    	 3.64000E+06	  23.500    	  30.500    	 3.64000E+06	 2.91258E+05	  17.785    	  1.0955    	 4.73426E-03	 5.62855E-03	  1.0000    	  1.0000    	  1.0000    	     0.00000	 0.45219    	  160.68    	  80.339    	  80.339    	     0.00000	  80.339    	     0.00000	     0.00000	     0.00000	  1991.0    	  32.000    	  4.0000    	  1.7867    	 0.64784    	  1.4252    	     0.00000	  131.00    
   33.0000    	 0.29502    	 8.36800E+06	  23.000    	  30.000    	 8.36800E+06	 7.63329E+05	  18.076    	  1.1195    	 4.63764E-03	 6.20602E-03	  1.0000    	  1.0000    	  1.0000    	     0.00000	 0.52462    	  169.07    	  84.534    	  84.534    	     0.00000	  84.534    	     0.00000	     0.00000	     0.00000	  1991.0    	  33.000    	  4.0000    	  3.5297    	  1.2156    	  2.7153    	  18.000    	  131.00    
   34.0000    	 0.30725    	 1.01670E+07	  23.500    	  30.500    	 1.01670E+07	 1.04998E+06	  18.840    	  1.1428    	 4.54624E-03	 6.34141E-03	  1.0000    	  1.0000    	  1.0000    	     0.00000	 0.60712    	  191.48    	  95.738    	  95.738    	     0.00000	  95.738    	     0.00000	     0.00000	     0.00000	  1991.0    	  34.000    	  4.0000    	  4.1967    	  1.5803    	  3.0979    	  7.0000    	  149.00    
   35.0000    	 0.31970    	 2.46900E+06	  23.500    	  28.500    	 2.46900E+06	 2.92049E+05	  19.890    	  1.1658    	 4.45651E-03	 6.35702E-03	  1.0000    	  1.0000    	  1.0000    	     0.00000	 0.70436    	  221.60    	  110.80    	  110.80    	     0.00000	  110.80    	     0.00000	     0.00000	     0.00000	  1991.0    	  35.000    	  4.0000    	  1.3459    	 0.85984    	 0.94635    	     0.00000	  156.00    
   36.0000    	 0.33160    	 3.05400E+06	  22.500    	  29.500    	 3.05400E+06	 4.07114E+05	  20.182    	  1.1893    	 4.37388E-03	 7.04940E-03	  1.0000    	  1.0000    	  1.0000    	     0.00000	 0.81213    	  230.41    	  115.21    	  115.21    	     0.00000	  115.21    	     0.00000	     0.00000	     0.00000	  1991.0    	  36.000    	  4.0000    	  1.5699    	  1.0883    	  1.0460    	  27.000    	  156.00    
   37.0000    	 0.34350    	 1.84100E+06	  23.500    	  29.000    	 1.84100E+06	 2.75895E+05	  20.589    	  1.2117    	 4.29415E-03	 7.69012E-03	  1.0000    	  1.0000    	  1.0000    	     0.00000	 0.93638    	  243.53    	  121.76    	  121.76    	     0.00000	  121.76    	     0.00000	     0.00000	     0.00000	  1991.0    	  37.000    	  4.0000    	  1.2214    	  1.1587    	 0.76478    	  4.0000    	  183.00    
   38.0000    	 0.35556    	 1.84100E+06	  23.000    	  27.500    	 1.84100E+06	 3.09523E+05	  20.865    	  1.2342    	 4.21616E-03	 8.59376E-03	  1.0000    	  1.0000    	  1.0000    	     0.00000	  1.0816    	  251.73    	  125.86    	  125.86    	     0.00000	  125.86    	     0.00000	     0.00000	     0.00000	  1991.0    	  38.000    	  4.0000    	  1.0431    	  1.1401    	 0.60740    	  22.000    	  187.00    
   39.0000    	 0.36696    	 3.64000E+06	  23.500    	  28.000    	 3.64000E+06	 4.62041E+05	  21.174    	  1.2571    	 4.14500E-03	 5.83251E-03	  1.0000    	  1.0000    	  1.0000    	     0.00000	 0.76320    	  261.79    	  130.94    	  130.85    	     0.00000	  130.85    	     0.00000	     0.00000	     0.00000	  1991.0    	  39.000    	  4.0000    	  1.7682    	  1.0925    	  1.2072    	  4.0000    	  209.00    
   40.0000    	 0.37870    	 1.25520E+07	  23.000    	  31.500    	 1.25520E+07	 1.75918E+06	  21.636    	  1.2786    	 4.07427E-03	 6.34909E-03	  1.0000    	  1.0000    	  1.0000    	     0.00000	 0.87834    	  277.17    	  138.83    	  138.34    	     0.00000	  138.34    	     0.00000	     0.00000	     0.00000	  1991.0    	  40.000    	  4.0000    	  4.4949    	  2.3004    	  2.8973    	  5.0000    	  213.00    
   41.0000    	 0.39091    	 1.07530E+07	  23.000    	  31.500    	 1.07530E+07	 1.71551E+06	  23.396    	  1.3008    	 4.00326E-03	 6.21120E-03	  1.0000    	  1.0000    	  1.0000    	     0.00000	  1.0163    	  330.06    	  166.44    	  163.62    	     0.00000	  163.62    	     0.00000	     0.00000	     0.00000	  1991.0    	  41.000    	  4.0000    	  4.4413    	  2.7922    	  2.6720    	  2.0000    	  218.00    
   42.0000    	 0.40312    	 3.05400E+06	  23.500    	  30.000    	 3.05400E+06	 5.00979E+05	  25.111    	  1.3239    	 3.93480E-03	 5.49209E-03	  1.0000    	  1.0000    	  1.0000    	     0.00000	  1.0379    	  384.17    	  195.20    	  188.97    	     0.00000	  188.97    	     0.00000	     0.00000	     0.00000	  1991.0    	  42.000    	  4.0000    	  1.5054    	  1.3024    	 0.89597    	  6.0000    	  220.00    
   43.0000    	 0.41733    	 4.22600E+06	  23.500    	  29.000    	 4.22600E+06	 7.02722E+05	  25.612    	  1.3440    	 3.85822E-03	 5.37721E-03	  1.0000    	  1.0000    	  1.0000    	     0.00000	  1.0549    	  399.86    	  203.68    	  196.17    	     0.00000	  196.17    	     0.00000	     0.00000	     0.00000	  1991.0    	  43.000    	  4.0000    	  2.0672    	  1.6990    	  1.2199    	  32.000    	  226.00    
   44.0000    	 0.43116    	 8.99600E+06	  22.500    	  30.500    	 8.99600E+06	 1.51460E+06	  26.315    	  1.3570    	 3.78674E-03	 5.18342E-03	  1.0000    	  1.0000    	  1.0000    	     0.00000	  1.0725    	  423.79    	  216.89    	  206.90    	     0.00000	  206.90    	     0.00000	     0.00000	     0.00000	  1991.0    	  44.000    	  4.0000    	  4.0233    	  2.8441    	  2.3534    	     0.00000	  258.00    
   45.0000    	 0.44508    	 1.25520E+07	  23.000    	  30.500    	 1.25520E+07	 2.12414E+06	  27.829    	  1.3691    	 3.71779E-03	 4.78813E-03	  1.0000    	  1.0000    	  1.0000    	     0.00000	  1.0975    	  474.76    	  245.56    	  229.20    	     0.00000	  229.20    	     0.00000	     0.00000	     0.00000	  1991.0    	  45.000    	  4.0000    	  4.5116    	  2.8711    	  2.6063    	     0.00000	  258.00    
   46.0000    	 0.45918    	 1.84100E+06	  21.500    	  31.500    	 1.84100E+06	 3.25414E+05	  29.953    	  1.3805    	 3.65078E-03	 4.37485E-03	  1.0000    	  1.0000    	  1.0000    	     0.00000	  1.1298    	  542.83    	  284.57    	  258.26    	     0.00000	  258.26    	     0.00000	     0.00000	     0.00000	  1991.0    	  46.000    	  4.0000    	  1.3750    	  1.6035    	 0.78156    	     0.00000	  258.00    
   47.0000    	 0.47267    	 4.22600E+06	  21.500    	  29.000    	 4.22600E+06	 7.59511E+05	  30.279    	  1.3915    	 3.58924E-03	 4.42068E-03	  1.0000    	  1.0000    	  1.0000    	     0.00000	  1.1544    	  549.77    	  288.62    	  261.15    	     0.00000	  261.15    	     0.00000	     0.00000	     0.00000	  1991.0    	  47.000    	  4.0000    	  1.9711    	  1.7692    	  1.1067    	  31.000    	  258.00    
   48.0000    	 0.48575    	 3.05400E+06	  23.500    	  30.000    	 3.05400E+06	 5.57717E+05	  31.038    	  1.4014    	 3.53196E-03	 4.33067E-03	  1.0000    	  1.0000    	  1.0000    	     0.00000	  1.1770    	  575.98    	  304.20    	  271.78    	     0.00000	  271.78    	     0.00000	     0.00000	     0.00000	  1991.0    	  48.000    	  4.0000    	  1.7580    	  1.7915    	 0.97599    	  13.000    	  289.00    
   49.0000    	 0.49996    	 3.64000E+06	  23.000    	  30.000    	 3.64000E+06	 6.73586E+05	  31.596    	  1.4104    	 3.47218E-03	 4.29873E-03	  1.0000    	  1.0000    	  1.0000    	     0.00000	  1.1966    	  592.60    	  314.25    	  278.35    	     0.00000	  278.35    	     0.00000	     0.00000	     0.00000	  1991.0    	  49.000    	  4.0000    	  1.8770    	  1.8312    	  1.0319    	  8.0000    	  302.00    
   50.0000    	 0.51399    	 6.61100E+06	  24.000    	  31.000    	 6.61100E+06	 1.23841E+06	  32.270    	  1.4195    	 3.41566E-03	 4.23654E-03	  1.0000    	  1.0000    	  1.0000    	     0.00000	  1.2145    	  614.20    	  327.54    	  286.66    	     0.00000	  286.66    	     0.00000	     0.00000	     0.00000	  1991.0    	  50.000    	  4.0000    	  3.0829    	  2.5738    	  1.6797    	  8.0000    	  310.00    
   51.0000    	 0.52842    	 7.78200E+06	  23.500    	  29.500    	 7.78200E+06	 1.47768E+06	  33.508    	  1.4277    	 3.35988E-03	 4.07744E-03	  1.0000    	  1.0000    	  1.0000    	     0.00000	  1.2332    	  656.39    	  353.95    	  302.43    	     0.00000	  302.43    	     0.00000	     0.00000	     0.00000	  1991.0    	  51.000    	  4.0000    	  3.1645    	  2.4141    	  1.7081    	     0.00000	  318.00    
   52.0000    	 0.54245    	 6.02500E+06	  23.000    	  28.500    	 6.02500E+06	 1.16103E+06	  34.986    	  1.4355    	 3.30798E-03	 3.89968E-03	  1.0000    	  1.0000    	  1.0000    	     0.00000	  1.2532    	  708.54    	  387.18    	  321.35    	     0.00000	  321.35    	     0.00000	     0.00000	     0.00000	  1991.0    	  52.000    	  4.0000    	  2.5739    	  2.1835    	  1.3755    	  8.0000    	  318.00    
   53.0000    	 0.55590    	 6.61100E+06	  22.500    	  28.000    	 6.61100E+06	 1.29158E+06	  36.147    	  1.4422    	 3.26019E-03	 3.78913E-03	  1.0000    	  1.0000    	  1.0000    	     0.00000	  1.2731    	  750.12    	  414.13    	  335.99    	     0.00000	  335.99    	     0.00000	     0.00000	     0.00000	  1991.0    	  53.000    	  4.0000    	  2.9534    	  2.5836    	  1.5627    	  2.0000    	  326.00    
   54.0000    	 0.56898    	 9.58200E+06	  21.500    	  29.000    	 9.58200E+06	 1.89259E+06	  37.438    	  1.4481    	 3.21556E-03	 3.67274E-03	  1.0000    	  1.0000    	  1.0000    	     0.00000	  1.2932    	  797.34    	  445.22    	  352.12    	     0.00000	  352.12    	     0.00000	     0.00000	     0.00000	  1991.0    	  54.000    	  4.0000    	  3.6978    	  2.8142    	  1.9370    	  18.000    	  328.00    
   55.0000    	 0.58205    	 1.13390E+07	  24.000    	  30.000    	 1.13390E+07	 2.25868E+06	  39.331    	  1.4530    	 3.17265E-03	 3.50819E-03	  1.0000    	  1.0000    	  1.0000    	     0.00000	  1.3148    	  865.71    	  490.93    	  374.79    	     0.00000	  374.79    	     0.00000	     0.00000	     0.00000	  1991.0    	  55.000    	  4.0000    	  4.2103    	  3.0360    	  2.1817    	  6.0000    	  346.00    
   56.0000    	 0.59645    	 8.99600E+06	  23.500    	  30.500    	 8.99600E+06	 1.83747E+06	  41.590    	  1.4574    	 3.12729E-03	 3.34711E-03	  1.0000    	  1.0000    	  1.0000    	     0.00000	  1.3379    	  943.29    	  543.56    	  399.73    	     0.00000	  399.73    	     0.00000	     0.00000	     0.00000	  1991.0    	  56.000    	  4.0000    	  3.7955    	  3.1119    	  1.9442    	  7.0000    	  352.00    
   57.0000    	 0.61074    	 1.13390E+07	  23.500    	  31.500    	 1.13390E+07	 2.33219E+06	  43.427    	  1.4614    	 3.08420E-03	 3.24552E-03	  1.0000    	  1.0000    	  1.0000    	     0.00000	  1.3612    	  1006.7    	  587.30    	  419.42    	     0.00000	  419.42    	     0.00000	     0.00000	     0.00000	  1991.0    	  57.000    	  4.0000    	  4.4250    	  3.4461    	  2.2404    	  8.0000    	  359.00    
   58.0000    	 0.62491    	 1.13390E+07	  24.000    	  31.500    	 1.13390E+07	 2.37599E+06	  45.759    	  1.4646    	 3.04324E-03	 3.13787E-03	  1.0000    	  1.0000    	  1.0000    	     0.00000	  1.3900    	  1085.4    	  642.42    	  442.96    	     0.00000	  442.96    	     0.00000	     0.00000	     0.00000	  1991.0    	  58.000    	  4.0000    	  4.3062    	  3.3209    	  2.1492    	     0.00000	  367.00    
   59.0000    	 0.63925    	 1.37240E+07	  22.500    	  31.500    	 1.37240E+07	 2.91753E+06	  48.135    	  1.4671    	 3.00352E-03	 3.09233E-03	  1.0000    	  1.0000    	  1.0000    	     0.00000	  1.4404    	  1165.1    	  699.29    	  465.79    	     0.00000	  465.79    	     0.00000	     0.00000	     0.00000	  1991.0    	  59.000    	  4.0000    	  4.8029    	  3.9131    	  2.3374    	  1.0000    	  367.00    
   60.0000    	 0.65308    	 1.44190E+07	  22.500    	  30.000    	 1.44190E+07	 3.16508E+06	  51.053    	  1.4687    	 2.96679E-03	 3.04826E-03	  1.0000    	  1.0000    	  1.0000    	     0.00000	  1.5015    	  1263.1    	  770.49    	  492.59    	     0.00000	  492.59    	     0.00000	     0.00000	     0.00000	  1991.0    	  60.000    	  4.0000    	  4.7400    	  3.8844    	  2.2373    	  45.000    	  368.00    
   61.0000    	 0.67361    	 1.32920E+07	  24.000    	  30.000    	 1.32920E+07	 3.09606E+06	  54.218    	  1.4696    	 2.91501E-03	 3.00763E-03	  1.0000    	  1.0000    	  1.0000    	 8.29230E+06	  1.5665    	  1371.4    	  850.57    	  520.84    	     0.00000	  520.84    	     0.00000	     0.00000	     0.00000	  1991.0    	  61.000    	  4.0000    	  4.4474    	  3.6002    	  2.0321    	  3.0000    	  413.00    
   62.0000    	 0.69499    	 1.41270E+07	  23.000    	  29.500    	 1.41270E+07	 3.42159E+06	  57.314    	  1.4695    	 2.86439E-03	 2.95280E-03	  1.0000    	  1.0000    	  1.0000    	 1.63543E+07	  1.6141    	  1477.8    	  931.23    	  546.62    	     0.00000	  546.62    	     0.00000	     0.00000	     0.00000	  1991.0    	  62.000    	  4.0000    	  4.6308    	  3.9320    	  2.0662    	  3.0000    	  416.00    
   63.0000    	 0.71552    	 1.25000E+07	  23.000    	  31.000    	 1.25000E+07	 3.18468E+06	  60.736    	  1.4678    	 2.81873E-03	 2.89944E-03	  1.0000    	  1.0000    	  1.0000    	 2.52819E+07	  1.6618    	  1597.0    	  1023.8    	  573.16    	     0.00000	  573.16    	     0.00000	     0.00000	     0.00000	  1991.0    	  63.000    	  4.0000    	  4.7302    	  4.5787    	  2.0607    	  4.0000    	  419.00    
   64.0000    	 0.73641    	 1.23600E+07	  23.500    	  29.500    	 1.23600E+07	 3.26449E+06	  63.920    	  1.4645    	 2.77507E-03	 2.85153E-03	  1.0000    	  1.0000    	  1.0000    	 3.34585E+07	  1.6985    	  1707.3    	  1111.6    	  595.66    	     0.00000	  595.66    	     0.00000	     0.00000	     0.00000	  1991.0    	  64.000    	  4.0000    	  4.4455    	  4.1156    	  1.9015    	     0.00000	  423.00    
   65.0000    	 0.75722    	 1.53540E+07	  24.000    	  31.000    	 1.53540E+07	 4.11957E+06	  67.185    	  1.4596    	 2.73421E-03	 2.80589E-03	  1.0000    	  1.0000    	  1.0000    	 4.19173E+07	  1.7314    	  1822.5    	  1200.9    	  617.06    	     0.00000	  617.06    	  4.6106    	     0.00000	     0.00000	  1991.0    	  65.000    	  4.0000    	  5.1361    	  4.7689    	  2.1611    	  7.0000    	  423.00    
   66.0000    	 0.77865    	 1.39230E+07	  22.500    	  29.500    	 1.39230E+07	 3.89033E+06	  71.304    	  1.4503    	 2.69472E-03	 2.76315E-03	  1.0000    	  1.0000    	  1.0000    	 5.18196E+07	  1.7681    	  1958.9    	  1302.0    	  639.89    	     0.00000	  639.89    	  16.980    	     0.00000	     0.00000	  1991.0    	  66.000    	  4.0000    	  4.5417    	  4.2242    	  1.8762    	     0.00000	  430.00    
   67.0000    	 0.79890    	 1.46710E+07	  23.500    	  29.000    	 1.46710E+07	 4.19803E+06	  75.195    	  1.4333    	 2.65967E-03	 2.72207E-03	  1.0000    	  1.0000    	  1.0000    	 6.15752E+07	  1.7967    	  2094.6    	  1398.1    	  660.07    	     0.00000	  660.07    	  36.384    	     0.00000	     0.00000	  1991.0    	  67.000    	  4.0000    	  4.7419    	  4.4269    	  1.9311    	  35.000    	  430.00    
   68.0000    	 0.81943    	 1.57520E+07	  23.000    	  29.000    	 1.57520E+07	 4.60123E+06	  79.393    	  1.4157    	 2.62623E-03	 2.68559E-03	  1.0000    	  1.0000    	  1.0000    	 7.18204E+07	  1.8233    	  2238.5    	  1495.6    	  678.92    	     0.00000	  678.92    	  64.067    	     0.00000	     0.00000	  1991.0    	  68.000    	  4.0000    	  4.7442    	  4.2758    	  1.9065    	  4.0000    	  465.00    
   69.0000    	 0.83968    	 1.60830E+07	  23.000    	  30.000    	 1.60830E+07	 4.80420E+06	  83.994    	  1.3962    	 2.59522E-03	 2.65088E-03	  1.0000    	  1.0000    	  1.0000    	 8.27506E+07	  1.8462    	  2393.6    	  1595.5    	  696.44    	     0.00000	  696.44    	  101.65    	     0.00000	     0.00000	  1991.0    	  69.000    	  4.0000    	  4.9194    	  4.6189    	  1.9544    	  14.000    	  469.00    
   70.0000    	 0.86050    	 1.47190E+07	  24.000    	  31.000    	 1.47190E+07	 4.52321E+06	  88.798    	  1.3754    	 2.56524E-03	 2.61876E-03	  1.0000    	  1.0000    	  1.0000    	 9.37349E+07	  1.8631    	  2551.0    	  1692.0    	  711.43    	     0.00000	  711.43    	  147.56    	     0.00000	     0.00000	  1991.0    	  70.000    	  4.0000    	  4.9256    	  4.8097    	  1.9404    	  4.0000    	  483.00    
   71.0000    	 0.88193    	 1.47620E+07	  23.500    	  30.500    	 1.47620E+07	 4.62838E+06	  93.321    	  1.3526    	 2.53627E-03	 2.60038E-03	  1.0000    	  1.0000    	  1.0000    	 1.03790E+08	  1.8791    	  2696.4    	  1776.4    	  722.64    	     0.00000	  722.64    	  197.37    	     0.00000	     0.00000	  1991.0    	  71.000    	  4.0000    	  4.7766    	  4.6150    	  1.8667    	     0.00000	  487.00    
   72.0000    	 0.90312    	 1.48860E+07	  23.500    	  30.500    	 1.48860E+07	 4.75300E+06	  97.950    	  1.3274    	 2.50939E-03	 2.58947E-03	  1.0000    	  1.0000    	  1.0000    	 1.14043E+08	  1.8944    	  2846.2    	  1858.3    	  731.58    	     0.00000	  731.58    	  256.29    	     0.00000	     0.00000	  1991.0    	  72.000    	  4.0000    	  4.7966    	  4.6579    	  1.8602    	     0.00000	  487.00    
   73.0000    	 0.92432    	 1.62810E+07	  24.000    	  31.000    	 1.62810E+07	 5.24963E+06	  102.70    	  1.3011    	 2.48417E-03	 2.57999E-03	  1.0000    	  1.0000    	  1.0000    	 1.24377E+08	  1.9089    	  2998.7    	  1936.7    	  739.89    	 0.22861    	  740.12    	  321.90    	     0.00000	     0.00000	  1991.0    	  73.000    	  4.0000    	  5.1248    	  4.9615    	  1.9731    	     0.00000	  487.00    
   74.0000    	 0.94575    	 1.52250E+07	  22.500    	  31.500    	 1.52250E+07	 5.01271E+06	  107.95    	  1.2734    	 2.46025E-03	 2.57539E-03	  1.0000    	  1.0000    	  1.0000    	 1.35199E+08	  1.9226    	  3159.9    	  2014.1    	  746.54    	  2.0283    	  748.57    	  397.23    	     0.00000	     0.00000	  1991.0    	  74.000    	  4.0000    	  4.8712    	  4.8054    	  1.8627    	     0.00000	  487.00    
   75.0000    	 0.96629    	 1.53660E+07	  23.000    	  31.500    	 1.53660E+07	 5.12814E+06	  112.97    	  1.2439    	 2.43873E-03	 2.57807E-03	  1.0000    	  1.0000    	  1.0000    	 1.45598E+08	  1.9355    	  3316.3    	  2084.0    	  750.75    	  5.4440    	  756.19    	  476.16    	     0.00000	     0.00000	  1991.0    	  75.000    	  4.0000    	  4.9527    	  4.9082    	  1.8817    	     0.00000	  487.00    
   76.0000    	 0.98707    	 1.69740E+07	  23.500    	  32.000    	 1.69740E+07	 5.69764E+06	  118.09    	  1.2145    	 2.41825E-03	 2.58660E-03	  1.0000    	  1.0000    	  1.0000    	 1.55965E+08	  1.9474    	  3473.7    	  2149.2    	  752.89    	  10.420    	  763.31    	  561.20    	  98.887    	     0.00000	  1991.0    	  76.000    	  4.0000    	  5.3408    	  5.4488    	  2.0171    	  41.000    	  487.00    
   77.0000    	  1.0079    	 1.44290E+07	  24.000    	  31.500    	 1.44290E+07	 4.94668E+06	  123.79    	  1.1835    	 2.39893E-03	 2.59992E-03	  1.0000    	  1.0000    	  1.0000    	 1.66825E+08	  1.9584    	  3640.1    	  2212.7    	  753.26    	  16.976    	  770.24    	  657.13    	  210.43    	     0.00000	  1991.0    	  77.000    	  4.0000    	  4.8862    	  4.9819    	  1.8353    	     0.00000	  528.00    
   78.0000    	  1.0539    	 1.41590E+07	  24.000    	  30.000    	 1.41590E+07	 4.67956E+06	  128.74    	  1.1652    	 2.36042E-03	 2.39893E-03	  1.0000    	  1.0000    	  1.0000    	 1.66825E+08	  1.8041    	  3777.9    	  2232.0    	  752.06    	  25.107    	  777.17    	  768.75    	  340.23    	     0.00000	  1991.0    	  78.000    	  4.0000    	  4.5604    	  4.0581    	  1.8503    	     0.00000	  528.00    
   79.0000    	  1.1001    	 1.59700E+07	  25.000    	  31.500    	 1.59700E+07	 5.15469E+06	  133.42    	  1.1725    	 2.32673E-03	 2.36042E-03	  1.0000    	  1.0000    	  1.0000    	 1.66825E+08	  1.7600    	  3907.0    	  2238.0    	  745.62    	  36.682    	  782.31    	  886.75    	  477.43    	     0.00000	  1991.0    	  79.000    	  4.0000    	  5.2354    	  4.7394    	  2.1716    	     0.00000	  528.00    
   80.0000    	  1.1471    	 1.48270E+07	  23.500    	  30.500    	 1.48270E+07	 4.73035E+06	  138.57    	  1.1776    	 2.29688E-03	 2.32673E-03	  1.0000    	  1.0000    	  1.0000    	 1.66825E+08	  1.7089    	  4038.5    	  2234.6    	  734.48    	  51.602    	  786.08    	  1017.8    	  629.83    	     0.00000	  1991.0    	  80.000    	  4.0000    	  4.9691    	  4.5857    	  2.1144    	     0.00000	  528.00    
   81.0000    	  1.1929    	 1.65470E+07	  25.000    	  29.500    	 1.65470E+07	 5.12482E+06	  143.30    	  1.1806    	 2.27161E-03	 2.29688E-03	  1.0000    	  1.0000    	  1.0000    	 1.66825E+08	  1.6506    	  4164.7    	  2220.8    	  718.61    	  69.754    	  788.37    	  1155.6    	  790.00    	     0.00000	  1991.0    	  81.000    	  4.0000    	  5.1214    	  4.2031    	  2.2438    	     0.00000	  528.00    
   82.0000    	  1.2397    	 1.37640E+07	  24.000    	  30.000    	 1.37640E+07	 4.22341E+06	  148.43    	  1.1816    	 2.24914E-03	 2.27161E-03	  1.0000    	  1.0000    	  1.0000    	 1.66825E+08	  1.5870    	  4296.7    	  2198.6    	  698.60    	  90.804    	  789.41    	  1308.8    	  968.17    	     0.00000	  1991.0    	  82.000    	  4.0000    	  4.6748    	  3.9118    	  2.1143    	  14.000    	  528.00    
   83.0000    	  1.2859    	 1.50150E+07	  23.500    	  31.500    	 1.50150E+07	 4.45062E+06	  152.65    	  1.1810    	 2.22985E-03	 2.24914E-03	  1.0000    	  1.0000    	  1.0000    	 1.66825E+08	  1.5179    	  4408.5    	  2169.8    	  674.87    	  114.54    	  789.41    	  1449.3    	  1131.6    	     0.00000	  1991.0    	  83.000    	  4.0000    	  5.0639    	  4.1642    	  2.3707    	     0.00000	  542.00    
   84.0000    	  1.3313    	 1.52540E+07	  23.000    	  31.000    	 1.52540E+07	 4.38020E+06	  157.10    	  1.1788    	 2.21331E-03	 2.22985E-03	  1.0000    	  1.0000    	  1.0000    	 1.66825E+08	  1.4468    	  4522.2    	  2143.9    	  648.83    	  140.58    	  789.41    	  1589.0    	  1294.0    	     0.00000	  1991.0    	  84.000    	  4.0000    	  5.1138    	  4.0627    	  2.4807    	     0.00000	  542.00    
   85.0000    	  1.3764    	 1.49960E+07	  23.000    	  31.500    	 1.49960E+07	 4.17084E+06	  161.48    	  1.1753    	 2.19896E-03	 2.21331E-03	  1.0000    	  1.0000    	  1.0000    	 1.66825E+08	  1.3741    	  4635.9    	  2120.6    	  620.84    	  168.56    	  789.41    	  1725.9    	  1453.2    	     0.00000	  1991.0    	  85.000    	  4.0000    	  5.0863    	  3.8662    	  2.5587    	     0.00000	  542.00    
   86.0000    	  1.4213    	 1.42230E+07	  24.000    	  30.000    	 1.42230E+07	 3.83088E+06	  165.65    	  1.1706    	 2.18649E-03	 2.19896E-03	  1.0000    	  1.0000    	  1.0000    	 1.66825E+08	  1.3002    	  4743.3    	  2099.6    	  591.27    	  198.14    	  789.41    	  1854.3    	  1602.5    	     0.00000	  1991.0    	  86.000    	  4.0000    	  4.9525    	  3.5573    	  2.5852    	  20.000    	  542.00    
   87.0000    	  1.4675    	 1.46670E+07	  22.500    	  31.500    	 1.46670E+07	 3.78405E+06	  169.48    	  1.1650    	 2.17531E-03	 2.18649E-03	  1.0000    	  1.0000    	  1.0000    	 1.66825E+08	  1.2254    	  4844.4    	  2080.7    	  560.44    	  228.97    	  789.41    	  1974.3    	  1742.0    	     0.00000	  1991.0    	  87.000    	  4.0000    	  5.2091    	  3.7337    	  2.8228    	     0.00000	  562.00    
   88.0000    	  1.5118    	 1.42120E+07	  21.500    	  31.000    	 1.42120E+07	 3.51757E+06	  173.27    	  1.1582    	 2.16593E-03	 2.17531E-03	  1.0000    	  1.0000    	  1.0000    	 1.66825E+08	  1.1499    	  4942.7    	  2063.7    	  528.64    	  260.77    	  789.41    	  2089.6    	  1876.1    	     0.00000	  1991.0    	  88.000    	  4.0000    	  5.0103    	  3.3580    	  2.8194    	     0.00000	  562.00    
   89.0000    	  1.5552    	 1.59510E+07	  23.000    	  31.500    	 1.59510E+07	 3.72269E+06	  176.78    	  1.1510    	 2.15788E-03	 2.16593E-03	  1.0000    	  1.0000    	  1.0000    	 1.66825E+08	  1.0749    	  5036.4    	  2048.4    	  496.29    	  293.12    	  789.41    	  2198.6    	  2002.9    	     0.00000	  1991.0    	  89.000    	  4.0000    	  5.3657    	  3.2747    	  3.1348    	     0.00000	  562.00    
   90.0000    	  1.6001    	 1.48190E+07	  23.000    	  32.500    	 1.48190E+07	 3.30217E+06	  180.51    	  1.1432    	 2.15059E-03	 2.15788E-03	  1.0000    	  1.0000    	  1.0000    	 1.66825E+08	  1.0008    	  5130.0    	  2034.6    	  463.77    	  325.63    	  789.41    	  2306.0    	  2127.7    	     0.00000	  1991.0    	  90.000    	  4.0000    	  5.3088    	  3.1109    	  3.2187    	     0.00000	  562.00    
   91.0000    	  1.6443    	 1.43690E+07	  23.000    	  31.500    	 1.43690E+07	 3.03007E+06	  183.81    	  1.1345    	 2.14431E-03	 2.15059E-03	  1.0000    	  1.0000    	  1.0000    	 1.66825E+08	 0.92756    	  5212.6    	  2022.2    	  431.31    	  358.10    	  789.41    	  2400.9    	  2238.1    	     0.00000	  1991.0    	  91.000    	  4.0000    	  5.1660    	  2.8383    	  3.2489    	  11.000    	  562.00    
   92.0000    	  1.6891    	 1.39840E+07	  24.500    	  30.000    	 1.39840E+07	 2.77448E+06	  186.84    	  1.1255    	 2.13873E-03	 2.14431E-03	  1.0000    	  1.0000    	  1.0000    	 1.66825E+08	 0.85602    	  5289.9    	  2011.1    	  399.21    	  390.20    	  789.41    	  2489.4    	  2341.0    	     0.00000	  1991.0    	  92.000    	  4.0000    	  4.8615    	  2.3363    	  3.1687    	     0.00000	  573.00    
   93.0000    	  1.7359    	 1.45740E+07	  24.000    	  30.500    	 1.45740E+07	 2.68604E+06	  189.61    	  1.1159    	 2.13366E-03	 2.13873E-03	  1.0000    	  1.0000    	  1.0000    	 1.66825E+08	 0.78642    	  5361.4    	  2001.1    	  367.70    	  421.71    	  789.41    	  2570.9    	  2435.7    	     0.00000	  1991.0    	  93.000    	  4.0000    	  4.8854    	  2.1405    	  3.2971    	     0.00000	  573.00    
   94.0000    	  1.7823    	 1.56710E+07	  23.500    	  31.000    	 1.56710E+07	 2.65707E+06	  192.30    	  1.1054    	 2.12929E-03	 2.13366E-03	  1.0000    	  1.0000    	  1.0000    	 1.66825E+08	 0.71897    	  5429.2    	  1992.0    	  336.97    	  452.44    	  789.41    	  2647.8    	  2525.1    	     0.00000	  1991.0    	  94.000    	  4.0000    	  5.2520    	  2.1652    	  3.6661    	  3.0000    	  573.00    
   95.0000    	  1.8280    	 1.53970E+07	  25.000    	  30.500    	 1.53970E+07	 2.40519E+06	  194.96    	  1.0946    	 2.12553E-03	 2.12929E-03	  1.0000    	  1.0000    	  1.0000    	 1.66825E+08	 0.65419    	  5494.3    	  1983.9    	  307.23    	  482.17    	  789.41    	  2721.0    	  2610.2    	     0.00000	  1991.0    	  95.000    	  4.0000    	  5.3720    	  2.0533    	  3.8733    	     0.00000	  576.00    
   96.0000    	  1.8755    	 1.63890E+07	  24.500    	  30.000    	 1.63890E+07	 2.32163E+06	  197.36    	  1.0836    	 2.12214E-03	 2.12553E-03	  1.0000    	  1.0000    	  1.0000    	 1.66825E+08	 0.59244    	  5552.4    	  1976.6    	  278.72    	  510.68    	  789.41    	  2786.4    	  2686.3    	     0.00000	  1991.0    	  96.000    	  4.0000    	  5.4171    	  1.8308    	  4.0283    	  5.0000    	  576.00    
   97.0000    	  1.9223    	 1.52880E+07	  23.000    	  29.500    	 1.52880E+07	 1.96971E+06	  199.68    	  1.0719    	 2.11924E-03	 2.12214E-03	  1.0000    	  1.0000    	  1.0000    	 1.66825E+08	 0.53379    	  5607.5    	  1970.0    	  251.53    	  537.88    	  789.41    	  2848.1    	  2758.1    	     0.00000	  1991.0    	  97.000    	  4.0000    	  5.0701    	  1.5721    	  3.8824    	     0.00000	  581.00    
   98.0000    	  1.9667    	 1.66410E+07	  23.500    	  30.000    	 1.66410E+07	 1.90588E+06	  201.65    	  1.0601    	 2.11684E-03	 2.11924E-03	  1.0000    	  1.0000    	  1.0000    	 1.66825E+08	 0.47856    	  5655.9    	  1964.1    	  225.82    	  563.59    	  789.41    	  2902.4    	  2821.2    	     0.00000	  1991.0    	  98.000    	  4.0000    	  5.6537    	  1.6298    	  4.4505    	  6.0000    	  581.00    
   99.0000    	  2.0122    	 1.45650E+07	  24.000    	  31.500    	 1.45650E+07	 1.50450E+06	  203.56    	  1.0487    	 2.11469E-03	 2.11684E-03	  1.0000    	  1.0000    	  1.0000    	 1.66825E+08	 0.42703    	  5700.1    	  1958.7    	  201.73    	  587.68    	  789.41    	  2952.0    	  2878.9    	     0.00000	  1991.0    	  99.000    	  4.0000    	  5.2467    	  1.3486    	  4.2379    	     0.00000	  587.00    




 WARNING from FSE:
 There have been errors and/or warnings from
 the weather system, check file WEATHER.LOG
