*     Rice grown in potential water production situation
*     Rice grown in potential N production situation
*     ORYZA model runs to simulate an experiment
*     Rice crop is transplanted
*     SETPMD: Penman evapotranspiration
*============================================================================
*
* FSE driver info:
*     Year: 1991, day:   4, System start
*     Year: 1991, day: 113, System end
*----------------------------------------------------------------------------
* Output table number  :  0 (=first output table)
* Output table format  : Spreadsheet output
* Simulation results
 
TIME	DVS	RDD	TMIN	TMAX	DTR	RAPCDT	PARCUM	NFLV	SLA	SLASIM	LESTRS	LRSTRS	PCEW	NSP	LAI	WAGT	WST	WLVG	WLVD	WLV	WSO	WRR14	ZRT	YEAR	DOY	CROPSTA	ETD	TRC	EVSC	RAIN	RAINCU
 
   4.00000    	     0.00000	 1.92940E+07	  21.300    	  30.100    	 1.92940E+07	 3.75885E+05	     0.00000	 0.50000    	 4.50000E-03	 0.10000    	  1.0000    	  1.0000    	  1.0000    	     0.00000	 0.10000    	 2.00000E-02	     0.00000	     0.00000	     0.00000	 1.00000E-02	     0.00000	     0.00000	 1.00000E-04	  1991.0    	  4.0000    	  1.0000    	  4.0623    	     0.00000	  4.0623    	     0.00000	     0.00000
   5.00000    	 1.36730E-02	 1.95460E+07	  20.600    	  31.000    	 1.95460E+07	 4.36674E+05	 0.37588    	 0.50000    	 4.50000E-03	 4.59609E-02	  1.0000    	  1.0000    	  1.0000    	     0.00000	 0.11503    	  4.1715    	  1.6686    	  2.5029    	     0.00000	  2.5029    	     0.00000	     0.00000	     0.00000	  1991.0    	  5.0000    	  2.0000    	  3.7333    	 0.23986    	  3.5247    	     0.00000	     0.00000
   6.00000    	 2.71356E-02	 9.43100E+06	  21.000    	  28.000    	 9.43100E+06	 2.29604E+05	 0.81256    	 0.50000    	 4.50000E-03	 2.45129E-02	  1.0000    	  1.0000    	  1.0000    	     0.00000	 0.13206    	  8.9792    	  3.5917    	  5.3875    	     0.00000	  5.3875    	     0.00000	     0.00000	     0.00000	  1991.0    	  6.0000    	  2.0000    	  2.4723    	 0.19967    	  2.3143    	  2.0000    	     0.00000
   7.00000    	 3.98901E-02	 1.63430E+07	  22.100    	  29.800    	 1.63430E+07	 4.68396E+05	  1.0422    	 0.50000    	 4.50000E-03	 1.87544E-02	  1.0000    	  1.0000    	  1.0000    	     0.00000	 0.15059    	  13.382    	  5.3529    	  8.0294    	     0.00000	  8.0294    	     0.00000	     0.00000	     0.00000	  1991.0    	  7.0000    	  2.0000    	  3.5174    	 0.31015    	  3.2623    	     0.00000	  2.0000    
   8.00000    	 5.37654E-02	 1.63790E+07	  21.500    	  30.300    	 1.63790E+07	 5.38418E+05	  1.5106    	 0.50000    	 4.50000E-03	 1.46524E-02	  1.0000    	  1.0000    	  1.0000    	     0.00000	 0.17356    	  19.742    	  7.8969    	  11.845    	     0.00000	  11.845    	     0.00000	     0.00000	     0.00000	  1991.0    	  8.0000    	  2.0000    	  3.2944    	 0.32257    	  3.0205    	     0.00000	  2.0000    
   9.00000    	 6.75473E-02	 8.85500E+06	  22.600    	  27.500    	 8.85500E+06	 3.22987E+05	  2.0490    	 0.50000    	 4.50000E-03	 1.22851E-02	  1.0000    	  1.0000    	  1.0000    	     0.00000	 0.19986    	  27.115    	  10.846    	  16.269    	     0.00000	  16.269    	     0.00000	     0.00000	     0.00000	  1991.0    	  9.0000    	  2.0000    	  2.4915    	 0.30682    	  2.2545    	     0.00000	  2.0000    
   10.0000    	 8.07270E-02	 1.15550E+07	  23.500    	  28.000    	 1.15550E+07	 4.81986E+05	  2.3720    	 0.50000    	 4.50000E-03	 1.13376E-02	  1.0000    	  1.0000    	  1.0000    	     0.00000	 0.22883    	  33.639    	  13.456    	  20.183    	     0.00000	  20.183    	     0.00000	     0.00000	     0.00000	  1991.0    	  10.000    	  2.0000    	  3.1842    	 0.47222    	  2.8400    	     0.00000	  2.0000    
   11.0000    	 9.44477E-02	 1.75310E+07	  22.100    	  30.000    	 1.75310E+07	 8.60318E+05	  2.8540    	 0.50000    	 4.50000E-03	 1.03662E-02	  1.0000    	  1.0000    	  1.0000    	     0.00000	 0.26336    	  42.342    	  16.937    	  25.405    	     0.00000	  25.405    	     0.00000	     0.00000	     0.00000	  1991.0    	  11.000    	  2.0000    	  3.7083    	 0.57717    	  3.2508    	     0.00000	  2.0000    
   12.0000    	 0.10840    	 1.78190E+07	  22.000    	  30.200    	 1.78190E+07	 9.99862E+05	  3.7143    	 0.50000    	 4.50000E-03	 9.40045E-03	  1.0000    	  1.0000    	  1.0000    	     0.00000	 0.30376    	  53.856    	  21.542    	  32.313    	     0.00000	  32.313    	     0.00000	     0.00000	     0.00000	  1991.0    	  12.000    	  2.0000    	  3.6260    	 0.61251    	  3.1150    	     0.00000	  2.0000    
   13.0000    	 0.12236    	 9.64700E+06	  22.300    	  27.600    	 9.64700E+06	 6.00206E+05	  4.7141    	 0.50000    	 4.50000E-03	 8.69012E-03	  1.0000    	  1.0000    	  1.0000    	     0.00000	 0.35040    	  67.202    	  26.881    	  40.321    	     0.00000	  40.321    	     0.00000	     0.00000	     0.00000	  1991.0    	  13.000    	  2.0000    	  2.4586    	 0.49880    	  2.0635    	 0.10000    	  2.0000    
   14.0000    	 0.13546    	 1.09430E+07	  22.700    	  27.200    	 1.09430E+07	 7.71720E+05	  5.3143    	 0.50000    	 4.50000E-03	 8.40099E-03	  1.0000    	  1.0000    	  1.0000    	     0.00000	 0.40088    	  79.530    	  31.812    	  47.718    	     0.00000	  47.718    	     0.00000	     0.00000	     0.00000	  1991.0    	  14.000    	  2.0000    	  2.7220    	 0.63978    	  2.2276    	  8.0000    	  2.1000    
   15.0000    	 0.14857    	 8.09900E+06	  22.800    	  25.900    	 8.09900E+06	 6.46976E+05	  6.0861    	 0.50000    	 4.50000E-03	 8.06453E-03	  1.0000    	  1.0000    	  1.0000    	     0.00000	 0.45864    	  94.785    	  37.914    	  56.871    	     0.00000	  56.871    	     0.00000	     0.00000	     0.00000	  1991.0    	  15.000    	  2.0000    	  1.9433    	 0.47722    	  1.5451    	  7.2000    	  10.100    
   16.0000    	 0.16121    	 1.73150E+07	  21.900    	  28.800    	 1.73150E+07	 1.58023E+06	  6.7330    	 0.50000    	 4.50000E-03	 7.94770E-03	  1.0000    	  1.0000    	  1.0000    	     0.00000	 0.52238    	  109.54    	  43.818    	  65.727    	     0.00000	  65.727    	     0.00000	     0.00000	 5.00000E-02	  1991.0    	  16.000    	  3.0000    	  3.9795    	  1.2814    	  3.0647    	     0.00000	  17.300    
   17.0000    	 0.17462    	 1.59830E+07	  20.600    	  29.000    	 1.59830E+07	 2.05776E+05	  8.3133    	 0.50000    	 4.50000E-03	 2.93262E-03	  1.0000    	  1.0000    	  1.0000    	     0.00000	 6.52969E-02	  37.109    	  14.844    	  22.266    	     0.00000	  22.266    	     0.00000	     0.00000	     0.00000	  1991.0    	  17.000    	  4.0000    	  3.7181    	 0.15186    	  3.5986    	     0.00000	  17.300    
   18.0000    	 0.17462    	 1.85390E+07	  21.200    	  29.300    	 1.85390E+07	 2.42135E+05	  8.5190    	  1.1778    	 4.50000E-03	 2.71388E-03	  1.0000    	  1.0000    	  1.0000    	     0.00000	 6.52969E-02	  40.101    	  16.040    	  24.060    	     0.00000	  24.060    	     0.00000	     0.00000	     0.00000	  1991.0    	  18.000    	  4.0000    	  4.1841    	 0.17230    	  4.0497    	     0.00000	  17.300    
   19.0000    	 0.17462    	 1.99420E+07	  21.100    	  30.000    	 1.99420E+07	 2.61952E+05	  8.7612    	  1.1778    	 4.50000E-03	 2.45026E-03	  1.0000    	  1.0000    	  1.0000    	     0.00000	 6.52969E-02	  44.415    	  17.766    	  26.649    	     0.00000	  26.649    	     0.00000	     0.00000	     0.00000	  1991.0    	  19.000    	  4.0000    	  4.3998    	 0.17658    	  4.2585    	     0.00000	  17.300    
   20.0000    	 0.17462    	 2.09140E+07	  21.600    	  30.100    	 2.09140E+07	 2.74422E+05	  9.0231    	  1.1778    	 4.50000E-03	 2.23394E-03	  1.0000    	  1.0000    	  1.0000    	     0.00000	 6.52969E-02	  48.716    	  19.486    	  29.229    	     0.00000	  29.229    	     0.00000	     0.00000	     0.00000	  1991.0    	  20.000    	  4.0000    	  4.6634    	 0.19053    	  4.5136    	     0.00000	  17.300    
   21.0000    	 0.17462    	 1.69190E+07	  21.700    	  29.500    	 1.69190E+07	 2.51995E+05	  9.2975    	  1.1778    	 4.50000E-03	 2.36649E-03	  1.0000    	  1.0000    	  1.0000    	     0.00000	 7.51975E-02	  52.960    	  21.184    	  31.776    	     0.00000	  31.776    	     0.00000	     0.00000	     0.00000	  1991.0    	  21.000    	  4.0000    	  3.9458    	 0.18315    	  3.8002    	     0.00000	  17.300    
   22.0000    	 0.18822    	 1.41110E+07	  22.100    	  28.600    	 1.41110E+07	 2.37159E+05	  9.5495    	  1.1778    	 4.41233E-03	 2.49658E-03	  1.0000    	  1.0000    	  1.0000    	     0.00000	 8.64470E-02	  57.710    	  23.084    	  34.626    	     0.00000	  34.626    	     0.00000	     0.00000	     0.00000	  1991.0    	  22.000    	  4.0000    	  3.5687    	 0.19620    	  3.4177    	     0.00000	  17.300    
   23.0000    	 0.20163    	 8.02700E+06	  23.000    	  26.100    	 8.02700E+06	 1.52649E+05	  9.7867    	  1.2012    	 4.29447E-03	 2.63311E-03	  1.0000    	  1.0000    	  1.0000    	     0.00000	 9.91958E-02	  62.788    	  25.115    	  37.673    	     0.00000	  37.673    	     0.00000	     0.00000	     0.00000	  1991.0    	  23.000    	  4.0000    	  2.2710    	 0.14103    	  2.1611    	  3.2000    	  17.300    
   24.0000    	 0.21443    	 1.56590E+07	  23.100    	  29.300    	 1.56590E+07	 3.42255E+05	  9.9393    	  1.2341    	 4.18849E-03	 2.82682E-03	  1.0000    	  1.0000    	  1.0000    	     0.00000	 0.11315    	  66.712    	  26.685    	  40.027    	     0.00000	  40.027    	     0.00000	     0.00000	     0.00000	  1991.0    	  24.000    	  4.0000    	  4.1608    	 0.30896    	  3.9319    	  1.0000    	  20.500    
   25.0000    	 0.22850    	 1.49030E+07	  22.500    	  29.000    	 1.49030E+07	 3.72596E+05	  10.282    	  1.2654    	 4.07877E-03	 2.94239E-03	  1.0000    	  1.0000    	  1.0000    	     0.00000	 0.13065    	  74.007    	  29.603    	  44.404    	     0.00000	  44.404    	     0.00000	     0.00000	     0.00000	  1991.0    	  25.000    	  4.0000    	  3.8426    	 0.32388    	  3.5996    	     0.00000	  21.500    
   26.0000    	 0.24222    	 1.59830E+07	  21.800    	  28.300    	 1.59830E+07	 4.58507E+05	  10.654    	  1.2994    	 3.97825E-03	 3.03995E-03	  1.0000    	  1.0000    	  1.0000    	     0.00000	 0.15037    	  82.439    	  32.976    	  49.464    	     0.00000	  49.464    	     0.00000	     0.00000	     0.00000	  1991.0    	  26.000    	  4.0000    	  3.8182    	 0.35868    	  3.5417    	     0.00000	  21.500    
   27.0000    	 0.25540    	 1.36430E+07	  20.000    	  28.400    	 1.36430E+07	 4.41823E+05	  11.113    	  1.3322    	 3.88737E-03	 3.09027E-03	  1.0000    	  1.0000    	  1.0000    	     0.00000	 0.17216    	  92.850    	  37.140    	  55.710    	     0.00000	  55.710    	     0.00000	     0.00000	     0.00000	  1991.0    	  27.000    	  4.0000    	  3.2312    	 0.33554    	  2.9647    	     0.00000	  21.500    
   28.0000    	 0.26792    	 1.40750E+07	  20.400    	  28.500    	 1.40750E+07	 5.15826E+05	  11.555    	  1.3634    	 3.80587E-03	 3.13913E-03	  1.0000    	  1.0000    	  1.0000    	     0.00000	 0.19587    	  103.99    	  41.596    	  62.395    	     0.00000	  62.395    	     0.00000	     0.00000	     0.00000	  1991.0    	  28.000    	  4.0000    	  3.4030    	 0.41091    	  3.0855    	     0.00000	  21.500    
   29.0000    	 0.28063    	 1.45070E+07	  21.000    	  28.200    	 1.45070E+07	 6.02234E+05	  12.070    	  1.3926    	 3.72769E-03	 3.17786E-03	  1.0000    	  1.0000    	  1.0000    	     0.00000	 0.22325    	  117.09    	  46.835    	  70.252    	     0.00000	  70.252    	     0.00000	     0.00000	     0.00000	  1991.0    	  29.000    	  4.0000    	  3.3061    	 0.43499    	  2.9569    	 0.10000    	  21.500    
   30.0000    	 0.29347    	 1.55870E+07	  22.000    	  29.900    	 1.55870E+07	 7.34108E+05	  12.673    	  1.4218    	 3.65319E-03	 3.20402E-03	  1.0000    	  1.0000    	  1.0000    	     0.00000	 0.25475    	  132.52    	  53.007    	  79.510    	     0.00000	  79.510    	     0.00000	     0.00000	     0.00000	  1991.0    	  30.000    	  4.0000    	  3.7487    	 0.57738    	  3.3003    	     0.00000	  21.600    
   31.0000    	 0.30734    	 1.49750E+07	  22.600    	  28.900    	 1.49750E+07	 8.03726E+05	  13.407    	  1.4508    	 3.57734E-03	 3.24705E-03	  1.0000    	  1.0000    	  1.0000    	     0.00000	 0.29362    	  150.71    	  60.285    	  90.427    	     0.00000	  90.427    	     0.00000	     0.00000	     0.00000	  1991.0    	  31.000    	  4.0000    	  3.4572    	 0.58498    	  2.9852    	  23.100    	  21.600    
   32.0000    	 0.32106    	 1.32470E+07	  22.000    	  28.500    	 1.32470E+07	 8.07190E+05	  14.210    	  1.4815    	 3.50684E-03	 3.28198E-03	  1.0000    	  1.0000    	  1.0000    	     0.00000	 0.33792    	  171.60    	  68.642    	  102.96    	     0.00000	  102.96    	     0.00000	     0.00000	     0.00000	  1991.0    	  32.000    	  4.0000    	  3.0533    	 0.57485    	  2.5786    	  1.4000    	  44.700    
   33.0000    	 0.33440    	 1.20590E+07	  23.000    	  28.700    	 1.20590E+07	 8.32176E+05	  15.018    	  1.5113    	 3.44238E-03	 3.32555E-03	  1.0000    	  1.0000    	  1.0000    	     0.00000	 0.38747    	  194.19    	  77.675    	  116.51    	     0.00000	  116.51    	     0.00000	     0.00000	     0.00000	  1991.0    	  33.000    	  4.0000    	  3.0159    	 0.67300    	  2.4847    	  1.5000    	  46.100    
   34.0000    	 0.34819    	 1.25630E+07	  22.000    	  29.000    	 1.25630E+07	 9.85388E+05	  15.850    	  1.5396    	 3.37963E-03	 3.40632E-03	  1.0000    	  1.0000    	  1.0000    	     0.00000	 0.44626    	  218.35    	  87.339    	  131.01    	     0.00000	  131.01    	     0.00000	     0.00000	     0.00000	  1991.0    	  34.000    	  4.0000    	  3.0542    	 0.77609    	  2.4434    	  1.8000    	  47.600    
   35.0000    	 0.36172    	 1.82150E+07	  22.300    	  31.300    	 1.82150E+07	 1.62157E+06	  16.835    	  1.5682    	 3.32177E-03	 3.45379E-03	  1.0000    	  1.0000    	  1.0000    	     0.00000	 0.51264    	  247.38    	  98.952    	  148.43    	     0.00000	  148.43    	     0.00000	     0.00000	     0.00000	  1991.0    	  35.000    	  4.0000    	  4.0706    	  1.1734    	  3.1502    	     0.00000	  49.400    
   36.0000    	 0.37580    	 1.91860E+07	  22.000    	  30.000    	 1.91860E+07	 1.93621E+06	  18.457    	  1.5955    	 3.26519E-03	 3.42268E-03	  1.0000    	  1.0000    	  1.0000    	     0.00000	 0.59199    	  288.27    	  115.31    	  172.96    	     0.00000	  172.96    	     0.00000	     0.00000	     0.00000	  1991.0    	  36.000    	  4.0000    	  4.3245    	  1.4689    	  3.2165    	     0.00000	  49.400    
   37.0000    	 0.38971    	 1.59830E+07	  22.000    	  30.500    	 1.59830E+07	 1.82369E+06	  20.393    	  1.6232    	 3.21268E-03	 3.37369E-03	  1.0000    	  1.0000    	  1.0000    	     0.00000	 0.68257    	  337.20    	  134.88    	  202.32    	     0.00000	  202.32    	     0.00000	     0.00000	     0.00000	  1991.0    	  37.000    	  4.0000    	  3.7845    	  1.4894    	  2.6902    	     0.00000	  49.400    
   38.0000    	 0.40371    	 1.81070E+07	  22.100    	  31.100    	 1.81070E+07	 2.32690E+06	  22.217    	  1.6497    	 3.16307E-03	 3.37413E-03	  1.0000    	  1.0000    	  1.0000    	     0.00000	 0.78762    	  389.05    	  155.62    	  233.43    	     0.00000	  233.43    	     0.00000	     0.00000	     0.00000	  1991.0    	  38.000    	  4.0000    	  4.0474    	  1.7670    	  2.7299    	     0.00000	  49.400    
   39.0000    	 0.41745    	 1.90060E+07	  21.900    	  30.900    	 1.90060E+07	 2.74321E+06	  24.544    	  1.6712    	 3.11731E-03	 3.35064E-03	  1.0000    	  1.0000    	  1.0000    	     0.00000	 0.90899    	  452.15    	  180.86    	  271.29    	     0.00000	  271.29    	     0.00000	     0.00000	     0.00000	  1991.0    	  39.000    	  4.0000    	  4.2277    	  2.1238    	  2.6836    	     0.00000	  49.400    
   40.0000    	 0.43113    	 1.18790E+07	  23.400    	  30.800    	 1.18790E+07	 1.94310E+06	  27.287    	  1.6794    	 3.07449E-03	 3.32122E-03	  1.0000    	  1.0000    	  1.0000    	     0.00000	  1.0484    	  526.13    	  210.45    	  315.68    	     0.00000	  315.68    	     0.00000	     0.00000	     0.00000	  1991.0    	  40.000    	  4.0000    	  3.2971    	  2.0142    	  1.9519    	     0.00000	  49.400    
   41.0000    	 0.44536    	 1.45430E+07	  22.000    	  31.000    	 1.45430E+07	 2.50086E+06	  29.230    	  1.6863    	 3.03265E-03	 3.18054E-03	  1.0000    	  1.0000    	  1.0000    	     0.00000	  1.1234    	  588.67    	  235.47    	  353.20    	     0.00000	  353.20    	     0.00000	     0.00000	     0.00000	  1991.0    	  41.000    	  4.0000    	  3.6284    	  2.2875    	  2.0691    	     0.00000	  49.400    
   42.0000    	 0.45907    	 1.93660E+07	  23.000    	  31.000    	 1.93660E+07	 3.56358E+06	  31.731    	  1.6921    	 2.99479E-03	 3.10452E-03	  1.0000    	  1.0000    	  1.0000    	     0.00000	  1.2420    	  666.79    	  266.72    	  400.07    	     0.00000	  400.07    	     0.00000	     0.00000	     0.00000	  1991.0    	  42.000    	  4.0000    	  4.3828    	  2.9391    	  2.3553    	     0.00000	  49.400    
   43.0000    	 0.47315    	 1.67390E+07	  23.100    	  31.500    	 1.67390E+07	 3.38399E+06	  35.294    	  1.6965    	 2.95829E-03	 3.04736E-03	  1.0000    	  1.0000    	  1.0000    	     0.00000	  1.3990    	  765.13    	  306.05    	  459.08    	     0.00000	  459.08    	     0.00000	     0.00000	     0.00000	  1991.0    	  43.000    	  4.0000    	  4.1135    	  3.1838    	  2.0437    	     0.00000	  49.400    
   44.0000    	 0.48718    	 1.54070E+07	  22.500    	  30.500    	 1.54070E+07	 3.37984E+06	  38.678    	  1.6997    	 2.92412E-03	 2.99922E-03	  1.0000    	  1.0000    	  1.0000    	     0.00000	  1.5598    	  866.77    	  346.71    	  520.06    	     0.00000	  520.06    	     0.00000	     0.00000	     0.00000	  1991.0    	  44.000    	  4.0000    	  3.6513    	  2.9828    	  1.6739    	     0.00000	  49.400    
   45.0000    	 0.50110    	 1.92220E+07	  22.000    	  30.500    	 1.92220E+07	 4.48287E+06	  42.058    	  1.7018    	 2.89231E-03	 2.95710E-03	  1.0000    	  1.0000    	  1.0000    	     0.00000	  1.7291    	  974.54    	  389.82    	  584.73    	     0.00000	  584.73    	     0.00000	     0.00000	     0.00000	  1991.0    	  45.000    	  4.0000    	  3.9704    	  3.2892    	  1.6725    	     0.00000	  49.400    
   46.0000    	 0.51482    	 2.16700E+07	  22.900    	  31.500    	 2.16700E+07	 5.40792E+06	  46.541    	  1.7026    	 2.86282E-03	 2.91909E-03	  1.0000    	  1.0000    	  1.0000    	     0.00000	  1.9362    	  1105.7    	  442.47    	  663.28    	     0.00000	  663.28    	     0.00000	     0.00000	     0.00000	  1991.0    	  46.000    	  4.0000    	  4.3929    	  3.9695    	  1.6685    	     0.00000	  49.400    
   47.0000    	 0.52879    	 2.13100E+07	  22.100    	  31.200    	 2.13100E+07	 5.69897E+06	  51.949    	  1.7023    	 2.83462E-03	 2.88495E-03	  1.0000    	  1.0000    	  1.0000    	     0.00000	  2.1563    	  1250.3    	  502.86    	  747.43    	     0.00000	  747.43    	     0.00000	     0.00000	     0.00000	  1991.0    	  47.000    	  4.0000    	  4.3396    	  4.1916    	  1.4764    	     0.00000	  49.400    
   48.0000    	 0.54253    	 2.14900E+07	  22.500    	  30.500    	 2.14900E+07	 6.10893E+06	  57.648    	  1.7010    	 2.80857E-03	 2.85321E-03	  1.0000    	  1.0000    	  1.0000    	     0.00000	  2.3878    	  1408.5    	  571.60    	  836.88    	     0.00000	  836.88    	     0.00000	     0.00000	     0.00000	  1991.0    	  48.000    	  4.0000    	  4.4160    	  4.5057    	  1.3382    	  3.4000    	  49.400    
   49.0000    	 0.55644    	 8.71100E+06	  21.500    	  25.000    	 8.71100E+06	 2.72706E+06	  63.757    	  1.6986    	 2.78378E-03	 2.82436E-03	  1.0000    	  1.0000    	  1.0000    	     0.00000	  2.6299    	  1580.2    	  649.06    	  931.16    	     0.00000	  931.16    	     0.00000	     0.00000	     0.00000	  1991.0    	  49.000    	  4.0000    	  1.8585    	  1.7008    	 0.49898    	  7.1000    	  52.800    
   50.0000    	 0.56800    	 1.36070E+07	  21.800    	  28.400    	 1.36070E+07	 4.31101E+06	  66.484    	  1.6952    	 2.76432E-03	 2.79793E-03	  1.0000    	  1.0000    	  1.0000    	     0.00000	  2.7644    	  1687.0    	  699.03    	  988.02    	     0.00000	  988.02    	     0.00000	     0.00000	     0.00000	  1991.0    	  50.000    	  4.0000    	  3.0989    	  3.3406    	 0.77790    	     0.00000	  59.900    
   51.0000    	 0.58096    	 9.82700E+06	  21.600    	  26.500    	 9.82700E+06	 3.27648E+06	  70.795    	  1.6916    	 2.74368E-03	 2.77672E-03	  1.0000    	  1.0000    	  1.0000    	     0.00000	  2.9686    	  1843.5    	  774.35    	  1069.1    	     0.00000	  1069.1    	     0.00000	     0.00000	     0.00000	  1991.0    	  51.000    	  4.0000    	  2.5269    	  2.8350    	 0.57274    	 0.70000    	  59.900    
   52.0000    	 0.59313    	 1.90060E+07	  21.500    	  28.700    	 1.90060E+07	 6.30707E+06	  74.071    	  1.6867    	 2.72537E-03	 2.75486E-03	  1.0000    	  1.0000    	  1.0000    	     0.00000	  3.1204    	  1969.9    	  837.22    	  1132.7    	     0.00000	  1132.7    	     0.00000	     0.00000	     0.00000	  1991.0    	  52.000    	  4.0000    	  4.0032    	  4.5911    	 0.84104    	     0.00000	  60.600    
   53.0000    	 0.60609    	 1.25270E+07	  21.900    	  26.100    	 1.25270E+07	 4.41150E+06	  80.378    	  1.6815    	 2.70694E-03	 2.73519E-03	  1.0000    	  1.0000    	  1.0000    	     0.00000	  3.3753    	  2177.5    	  943.45    	  1234.0    	     0.00000	  1234.0    	     0.00000	     0.00000	     0.00000	  1991.0    	  53.000    	  4.0000    	  2.8762    	  3.2501    	 0.53196    	  2.0000    	  60.600    
   54.0000    	 0.61822    	 9.21500E+06	  22.200    	  26.500    	 9.21500E+06	 3.36365E+06	  84.790    	  1.6751    	 2.69063E-03	 2.71579E-03	  1.0000    	  1.0000    	  1.0000    	     0.00000	  3.5700    	  2348.4    	  1033.6    	  1314.5    	 0.28185    	  1314.8    	     0.00000	     0.00000	     0.00000	  1991.0    	  54.000    	  4.0000    	  2.4671    	  2.9835    	 0.41398    	 0.90000    	  62.600    
   55.0000    	 0.63061    	 8.96300E+06	  22.000    	  26.700    	 8.96300E+06	 3.32340E+06	  88.154    	  1.6686    	 2.67487E-03	 2.69063E-03	  1.0000    	  1.0000    	  1.0000    	     0.00000	  3.6945    	  2478.2    	  1103.9    	  1373.1    	  1.1799    	  1374.3    	     0.00000	     0.00000	     0.00000	  1991.0    	  55.000    	  4.0000    	  2.6364    	  3.4314    	 0.41567    	     0.00000	  63.500    
   56.0000    	 0.64301    	 1.02590E+07	  22.700    	  26.800    	 1.02590E+07	 3.84899E+06	  91.477    	  1.6612    	 2.65996E-03	 2.67487E-03	  1.0000    	  1.0000    	  1.0000    	     0.00000	  3.8204    	  2606.1    	  1175.1    	  1428.2    	  2.7562    	  1431.0    	     0.00000	     0.00000	     0.00000	  1991.0    	  56.000    	  4.0000    	  2.9119    	  3.6720    	 0.43112    	 0.40000    	  63.500    
   57.0000    	 0.65570    	 1.43630E+07	  21.800    	  26.700    	 1.43630E+07	 5.41887E+06	  95.326    	  1.6532    	 2.64552E-03	 2.65996E-03	  1.0000    	  1.0000    	  1.0000    	     0.00000	  3.9622    	  2754.7    	  1260.1    	  1489.6    	  5.0595    	  1494.6    	     0.00000	     0.00000	     0.00000	  1991.0    	  57.000    	  4.0000    	  3.2910    	  3.9530    	 0.45387    	     0.00000	  63.900    
   58.0000    	 0.66844    	 2.22100E+07	  21.500    	  29.500    	 2.22100E+07	 8.40542E+06	  100.74    	  1.6444    	 2.63184E-03	 2.64552E-03	  1.0000    	  1.0000    	  1.0000    	 1.59746E+07	  4.1609    	  2963.7    	  1382.7    	  1572.8    	  8.1710    	  1581.0    	     0.00000	     0.00000	     0.00000	  1991.0    	  58.000    	  4.0000    	  4.4353    	  5.3140    	 0.55385    	     0.00000	  63.900    
   59.0000    	 0.68216    	 2.12740E+07	  20.500    	  29.500    	 2.12740E+07	 8.30710E+06	  109.15    	  1.6349    	 2.61796E-03	 2.63184E-03	  1.0000    	  1.0000    	  1.0000    	 3.56888E+07	  4.4006    	  3223.3    	  1539.0    	  1672.1    	  12.208    	  1684.3    	     0.00000	     0.00000	     0.00000	  1991.0    	  59.000    	  4.0000    	  4.0877    	  4.7131    	 0.45279    	     0.00000	  63.900    
   60.0000    	 0.69549    	 2.37220E+07	  19.700    	  29.300    	 2.37220E+07	 9.42901E+06	  117.46    	  1.6242    	 2.60527E-03	 2.61796E-03	  1.0000    	  1.0000    	  1.0000    	 5.60180E+07	  4.6331    	  3492.8    	  1705.8    	  1769.7    	  17.359    	  1787.1    	     0.00000	     0.00000	     0.00000	  1991.0    	  60.000    	  4.0000    	  4.2708    	  4.9510    	 0.42117    	     0.00000	  63.900    
   61.0000    	 0.70843    	 2.35420E+07	  20.100    	  29.100    	 2.35420E+07	 9.56837E+06	  126.89    	  1.6131    	 2.59367E-03	 2.60527E-03	  1.0000    	  1.0000    	  1.0000    	 7.73251E+07	  4.8649    	  3777.3    	  1886.3    	  1867.3    	  23.697    	  1891.0    	     0.00000	     0.00000	     0.00000	  1991.0    	  61.000    	  4.0000    	  4.2743    	  4.9515    	 0.37537    	     0.00000	  63.900    
   62.0000    	 0.72144    	 2.31460E+07	  19.900    	  29.100    	 2.31460E+07	 9.59613E+06	  136.45    	  1.6018    	 2.58265E-03	 2.59367E-03	  1.0000    	  1.0000    	  1.0000    	 9.91372E+07	  5.0895    	  4070.4    	  2076.8    	  1962.3    	  31.289    	  1993.6    	     0.00000	     0.00000	     0.00000	  1991.0    	  62.000    	  4.0000    	  4.3524    	  5.2236    	 0.34163    	     0.00000	  63.900    
   63.0000    	 0.73438    	 1.90780E+07	  21.900    	  29.400    	 1.90780E+07	 8.11336E+06	  146.05    	  1.5899    	 2.57232E-03	 2.58265E-03	  1.0000    	  1.0000    	  1.0000    	 1.21423E+08	  5.3051    	  4371.8    	  2277.5    	  2054.1    	  40.225    	  2094.3    	     0.00000	     0.00000	     0.00000	  1991.0    	  63.000    	  4.0000    	  3.8775    	  4.6664    	 0.27326    	     0.00000	  63.900    
   64.0000    	 0.74821    	 1.76750E+07	  21.200    	  31.000    	 1.76750E+07	 7.63578E+06	  154.16    	  1.5776    	 2.56192E-03	 2.57232E-03	  1.0000    	  1.0000    	  1.0000    	 1.42201E+08	  5.4892    	  4654.7    	  2470.2    	  2133.9    	  50.576    	  2184.5    	     0.00000	     0.00000	     0.00000	  1991.0    	  64.000    	  4.0000    	  3.6942    	  4.4122    	 0.23745    	     0.00000	  63.900    
   65.0000    	 0.76209    	 2.33260E+07	  21.500    	  30.000    	 2.33260E+07	 1.00641E+07	  161.80    	  1.5639    	 2.55211E-03	 2.56192E-03	  1.0000    	  1.0000    	  1.0000    	 1.61818E+08	  5.6447    	  4923.6    	  2657.8    	  2203.3    	  62.437    	  2265.7    	     0.00000	     0.00000	     0.00000	  1991.0    	  65.000    	  4.0000    	  4.4283    	  5.1815    	 0.26333    	     0.00000	  63.900    
   66.0000    	 0.77601    	 2.35420E+07	  20.000    	  30.000    	 2.35420E+07	 1.02581E+07	  171.86    	  1.5446    	 2.54288E-03	 2.55211E-03	  1.0000    	  1.0000    	  1.0000    	 1.84281E+08	  5.8148    	  5233.6    	  2870.3    	  2278.4    	  75.830    	  2354.3    	  8.9977    	     0.00000	     0.00000	  1991.0    	  66.000    	  4.0000    	  4.4273    	  5.3100    	 0.24181    	     0.00000	  63.900    
   67.0000    	 0.78934    	 2.43700E+07	  22.500    	  30.500    	 2.43700E+07	 1.06959E+07	  182.12    	  1.5239    	 2.53456E-03	 2.54288E-03	  1.0000    	  1.0000    	  1.0000    	 2.07175E+08	  5.9729    	  5551.7    	  3083.1    	  2348.9    	  90.868    	  2439.8    	  28.855    	     0.00000	     0.00000	  1991.0    	  67.000    	  4.0000    	  4.7011    	  5.5746    	 0.23724    	     0.00000	  63.900    
   68.0000    	 0.80373    	 2.27500E+07	  20.600    	  29.700    	 2.27500E+07	 1.00877E+07	  192.82    	  1.5037    	 2.52612E-03	 2.53456E-03	  1.0000    	  1.0000    	  1.0000    	 2.29344E+08	  6.1098    	  5861.7    	  3285.5    	  2410.6    	  107.55    	  2518.1    	  58.125    	     0.00000	     0.00000	  1991.0    	  68.000    	  4.0000    	  4.2776    	  5.0693    	 0.20160    	     0.00000	  63.900    
   69.0000    	 0.81717    	 2.25340E+07	  21.000    	  30.200    	 2.25340E+07	 1.00567E+07	  202.91    	  1.4814    	 2.51872E-03	 2.52612E-03	  1.0000    	  1.0000    	  1.0000    	 2.52070E+08	  6.2333    	  6181.7    	  3488.9    	  2467.5    	  125.96    	  2593.5    	  99.392    	     0.00000	     0.00000	  1991.0    	  69.000    	  4.0000    	  4.5744    	  5.8061    	 0.20267    	     0.00000	  63.900    
   70.0000    	 0.83095    	 2.14900E+07	  20.600    	  30.100    	 2.14900E+07	 9.65586E+06	  212.96    	  1.4601    	 2.51159E-03	 2.51872E-03	  1.0000    	  1.0000    	  1.0000    	 2.74378E+08	  6.3391    	  6497.9    	  3684.7    	  2516.8    	  146.06    	  2662.9    	  150.36    	     0.00000	     0.00000	  1991.0    	  70.000    	  4.0000    	  4.2956    	  5.3153    	 0.18051    	     0.00000	  63.900    
   71.0000    	 0.84454    	 1.59470E+07	  20.400    	  28.700    	 1.59470E+07	 7.25470E+06	  222.62    	  1.4379    	 2.50496E-03	 2.51159E-03	  1.0000    	  1.0000    	  1.0000    	 2.96389E+08	  6.4264    	  6811.9    	  3874.0    	  2558.7    	  167.85    	  2726.6    	  211.36    	     0.00000	     0.00000	  1991.0    	  71.000    	  4.0000    	  3.2562    	  3.8393    	 0.13099    	 0.80000    	  63.900    
   72.0000    	 0.85751    	 5.86800E+06	  23.700    	  26.500    	 5.86800E+06	 2.69786E+06	  229.87    	  1.4157    	 2.49901E-03	 2.50496E-03	  1.0000    	  1.0000    	  1.0000    	 3.14998E+08	  6.4756    	  7079.1    	  4030.7    	  2585.1    	  191.32    	  2776.4    	  271.99    	     0.00000	     0.00000	  1991.0    	  72.000    	  4.0000    	  1.7169    	  2.5216    	 6.73903E-02	  34.000    	  64.700    
   73.0000    	 0.87092    	 4.06800E+06	  23.000    	  25.600    	 4.06800E+06	 1.87172E+06	  232.57    	  1.3941    	 2.49321E-03	 2.49901E-03	  1.0000    	  1.0000    	  1.0000    	 3.19564E+08	  6.4260    	  7145.1    	  4068.4    	  2571.4    	  216.28    	  2787.7    	  289.01    	     0.00000	     0.00000	  1991.0    	  73.000    	  4.0000    	 0.67783    	 0.80255    	 2.72734E-02	  34.000    	  98.700    
   74.0000    	 0.88370    	 1.68470E+07	  23.500    	  28.600    	 1.68470E+07	 7.68576E+06	  234.44    	  1.3716    	 2.48801E-03	 2.49321E-03	  1.0000    	  1.0000    	  1.0000    	 3.21533E+08	  6.3570    	  7173.7    	  4084.2    	  2549.7    	  242.41    	  2792.1    	  297.31    	     0.00000	     0.00000	  1991.0    	  74.000    	  4.0000    	  3.8218    	  4.8114    	 0.15917    	     0.00000	  132.70    
   75.0000    	 0.89785    	 2.11300E+07	  22.200    	  30.100    	 2.11300E+07	 9.60252E+06	  242.13    	  1.3498    	 2.48258E-03	 2.48801E-03	  1.0000    	  1.0000    	  1.0000    	 3.39880E+08	  6.3694    	  7442.0    	  4229.0    	  2560.0    	  269.53    	  2829.6    	  383.40    	     0.00000	     0.00000	  1991.0    	  75.000    	  4.0000    	  4.2558    	  5.1233    	 0.17615    	     0.00000	  132.70    
   76.0000    	 0.91207    	 2.17060E+07	  22.900    	  30.500    	 2.17060E+07	 9.87588E+06	  251.73    	  1.3254    	 2.47746E-03	 2.48258E-03	  1.0000    	  1.0000    	  1.0000    	 3.60665E+08	  6.3776    	  7747.9    	  4388.9    	  2568.9    	  298.13    	  2867.1    	  491.94    	     0.00000	     0.00000	  1991.0    	  76.000    	  4.0000    	  4.3325    	  5.0718    	 0.17859    	     0.00000	  132.70    
   77.0000    	 0.92662    	 2.41180E+07	  23.400    	  30.400    	 2.41180E+07	 1.09558E+07	  261.61    	  1.3006    	 2.47255E-03	 2.47746E-03	  1.0000    	  1.0000    	  1.0000    	 3.81129E+08	  6.3692    	  8051.0    	  4542.1    	  2570.9    	  328.19    	  2899.0    	  609.87    	     0.00000	     0.00000	  1991.0    	  77.000    	  4.0000    	  4.8208    	  5.7921    	 0.19956    	     0.00000	  132.70    
   78.0000    	 0.94135    	 1.79630E+07	  22.500    	  30.500    	 1.79630E+07	 8.23678E+06	  272.56    	  1.2749    	 2.46790E-03	 2.47255E-03	  1.0000    	  1.0000    	  1.0000    	 4.01925E+08	  6.3462    	  8361.1    	  4693.5    	  2566.7    	  359.68    	  2926.4    	  741.32    	     0.00000	     0.00000	  1991.0    	  78.000    	  4.0000    	  3.8871    	  4.7272    	 0.16276    	     0.00000	  132.70    
   79.0000    	 0.95574    	 2.46580E+07	  24.500    	  30.700    	 2.46580E+07	 1.12188E+07	  280.80    	  1.2487    	 2.46364E-03	 2.46790E-03	  1.0000    	  1.0000    	  1.0000    	 4.19937E+08	  6.3002    	  8631.5    	  4820.7    	  2552.9    	  392.53    	  2945.4    	  865.49    	     0.00000	     0.00000	  1991.0    	  79.000    	  4.0000    	  4.9943    	  5.9686    	 0.21400    	     0.00000	  132.70    
   80.0000    	 0.97087    	 1.26350E+07	  23.500    	  31.100    	 1.26350E+07	 5.83946E+06	  292.02    	  1.2228    	 2.45945E-03	 2.46364E-03	  1.0000    	  1.0000    	  1.0000    	 4.39892E+08	  6.2449    	  8933.0    	  4957.3    	  2534.8    	  426.59    	  2961.4    	  1014.4    	  173.10    	     0.00000	  1991.0    	  80.000    	  4.0000    	  3.1063    	  3.7861    	 0.13683    	 0.60000    	  132.70    
   81.0000    	 0.98562    	 1.93300E+07	  24.200    	  31.300    	 1.93300E+07	 8.86378E+06	  297.86    	  1.1953    	 2.45563E-03	 2.45945E-03	  1.0000    	  1.0000    	  1.0000    	 4.51853E+08	  6.1632    	  9115.0    	  5036.4    	  2505.9    	  461.84    	  2967.8    	  1110.8    	  285.26    	     0.00000	  1991.0    	  81.000    	  4.0000    	  4.1370    	  4.8859    	 0.18983    	     0.00000	  133.30    
   82.0000    	  1.0006    	 2.34700E+07	  22.500    	  32.500    	 2.34700E+07	 1.07073E+07	  306.72    	  1.1684    	 2.45201E-03	 2.45563E-03	  1.0000    	  1.0000    	  1.0000    	 4.69337E+08	  6.0760    	  9382.7    	  5148.1    	  2474.3    	  498.08    	  2972.4    	  1262.2    	  461.27    	     0.00000	  1991.0    	  82.000    	  4.0000    	  4.8053    	  5.7860    	 0.23032    	     0.00000	  133.30    
   83.0000    	  1.0326    	 2.36500E+07	  23.100    	  31.500    	 2.36500E+07	 1.07686E+07	  317.43    	  1.1418    	 2.44502E-03	 2.45201E-03	  1.0000    	  1.0000    	  1.0000    	 4.69337E+08	  5.9760    	  9648.5    	  5192.3    	  2437.2    	  535.22    	  2972.4    	  1483.9    	  719.06    	     0.00000	  1991.0    	  83.000    	  4.0000    	  4.8122    	  5.6811    	 0.24248    	     0.00000	  133.30    
   84.0000    	  1.0657    	 1.87540E+07	  22.500    	  31.900    	 1.87540E+07	 8.57870E+06	  328.20    	  1.1372    	 2.43880E-03	 2.44502E-03	  1.0000    	  1.0000    	  1.0000    	 4.69337E+08	  5.8663    	  9914.4    	  5217.6    	  2399.3    	  573.10    	  2972.4    	  1724.3    	  998.66    	     0.00000	  1991.0    	  84.000    	  4.0000    	  3.9999    	  4.6966    	 0.21291    	     0.00000	  133.30    
   85.0000    	  1.0980    	 2.44420E+07	  22.600    	  31.000    	 2.44420E+07	 1.10691E+07	  336.78    	  1.1319    	 2.43355E-03	 2.43880E-03	  1.0000    	  1.0000    	  1.0000    	 4.69337E+08	  5.7572    	  10149.    	  5216.0    	  2360.7    	  611.71    	  2972.4    	  1960.7    	  1273.5    	     0.00000	  1991.0    	  85.000    	  4.0000    	  4.9215    	  5.8642    	 0.27665    	     0.00000	  133.30    
   86.0000    	  1.1308    	 2.47660E+07	  22.200    	  31.500    	 2.47660E+07	 1.11825E+07	  347.85    	  1.1264    	 2.42894E-03	 2.43355E-03	  1.0000    	  1.0000    	  1.0000    	 4.69337E+08	  5.6492    	  10418.    	  5206.0    	  2321.4    	  650.98    	  2972.4    	  2239.3    	  1597.4    	     0.00000	  1991.0    	  86.000    	  4.0000    	  5.1813    	  6.5614    	 0.30741    	     0.00000	  133.30    
   87.0000    	  1.1631    	 2.40820E+07	  21.600    	  30.500    	 2.40820E+07	 1.08552E+07	  359.03    	  1.1204    	 2.42503E-03	 2.42894E-03	  1.0000    	  1.0000    	  1.0000    	 4.69337E+08	  5.5417    	  10683.    	  5178.4    	  2281.5    	  690.86    	  2972.4    	  2532.5    	  1938.3    	     0.00000	  1991.0    	  87.000    	  4.0000    	  4.8840    	  5.9336    	 0.30579    	     0.00000	  133.30    
   88.0000    	  1.1951    	 1.67030E+07	  22.500    	  29.000    	 1.67030E+07	 7.59499E+06	  369.88    	  1.1143    	 2.42168E-03	 2.42503E-03	  1.0000    	  1.0000    	  1.0000    	 4.69337E+08	  5.4347    	  10954.    	  5135.3    	  2241.1    	  731.29    	  2972.4    	  2846.2    	  2303.1    	     0.00000	  1991.0    	  88.000    	  4.0000    	  3.7612    	  4.5691    	 0.24842    	 0.40000    	  133.30    
   89.0000    	  1.2268    	 2.50540E+07	  22.000    	  30.500    	 2.50540E+07	 1.12062E+07	  377.48    	  1.1079    	 2.41880E-03	 2.42168E-03	  1.0000    	  1.0000    	  1.0000    	 4.69337E+08	  5.3281    	  11180.    	  5076.3    	  2200.2    	  772.19    	  2972.4    	  3131.0    	  2634.3    	     0.00000	  1991.0    	  89.000    	  4.0000    	  5.1178    	  6.3217    	 0.35653    	     0.00000	  133.70    
   90.0000    	  1.2591    	 1.91860E+07	  21.500    	  30.200    	 1.91860E+07	 8.63828E+06	  388.68    	  1.1014    	 2.41625E-03	 2.41880E-03	  1.0000    	  1.0000    	  1.0000    	 4.69337E+08	  5.2219    	  11448.    	  5020.6    	  2158.9    	  813.51    	  2972.4    	  3455.1    	  3011.1    	     0.00000	  1991.0    	  90.000    	  4.0000    	  4.0859    	  4.9083    	 0.30017    	     0.00000	  133.70    
   91.0000    	  1.2908    	 2.12740E+07	  24.500    	  30.100    	 2.12740E+07	 9.51113E+06	  397.32    	  1.0945    	 2.41409E-03	 2.41625E-03	  1.0000    	  1.0000    	  1.0000    	 4.69337E+08	  5.1156    	  11696.    	  4970.5    	  2117.2    	  855.21    	  2972.4    	  3753.6    	  3358.3    	     0.00000	  1991.0    	  91.000    	  4.0000    	  4.5793    	  5.3808    	 0.35478    	     0.00000	  133.70    
   92.0000    	  1.3252    	 1.64870E+07	  23.000    	  29.500    	 1.64870E+07	 7.40902E+06	  406.83    	  1.0876    	 2.41207E-03	 2.41409E-03	  1.0000    	  1.0000    	  1.0000    	 4.69337E+08	  5.0096    	  11949.    	  4925.4    	  2075.1    	  897.23    	  2972.4    	  4050.9    	  3704.0    	     0.00000	  1991.0    	  92.000    	  4.0000    	  3.7102    	  4.3584    	 0.30310    	     0.00000	  133.70    
   93.0000    	  1.3578    	 1.91860E+07	  22.600    	  30.000    	 1.91860E+07	 8.54597E+06	  414.24    	  1.0799    	 2.41042E-03	 2.41207E-03	  1.0000    	  1.0000    	  1.0000    	 4.69337E+08	  4.9032    	  12172.    	  4884.8    	  2032.8    	  939.61    	  2972.4    	  4314.4    	  4010.3    	     0.00000	  1991.0    	  93.000    	  4.0000    	  4.1858    	  4.9358    	 0.36063    	     0.00000	  133.70    
   94.0000    	  1.3904    	 2.43700E+07	  22.300    	  31.500    	 2.43700E+07	 1.06972E+07	  422.79    	  1.0726    	 2.40900E-03	 2.41042E-03	  1.0000    	  1.0000    	  1.0000    	 4.69337E+08	  4.7971    	  12418.    	  4848.3    	  1990.2    	  982.22    	  2972.4    	  4597.4    	  4339.4    	     0.00000	  1991.0    	  94.000    	  4.0000    	  4.9613    	  5.7193    	 0.45073    	     0.00000	  133.70    
   95.0000    	  1.4228    	 2.35420E+07	  22.200    	  32.000    	 2.35420E+07	 1.03019E+07	  433.49    	  1.0651    	 2.40778E-03	 2.40900E-03	  1.0000    	  1.0000    	  1.0000    	 4.69337E+08	  4.6912    	  12679.    	  4815.4    	  1947.4    	  1025.0    	  2972.4    	  4891.6    	  4681.5    	     0.00000	  1991.0    	  95.000    	  4.0000    	  4.7392    	  5.3317    	 0.45397    	     0.00000	  133.70    
   96.0000    	  1.4549    	 2.04820E+07	  22.500    	  33.800    	 2.04820E+07	 8.97778E+06	  443.79    	  1.0575    	 2.40673E-03	 2.40778E-03	  1.0000    	  1.0000    	  1.0000    	 4.69337E+08	  4.5854    	  12937.    	  4785.8    	  1904.4    	  1068.0    	  2972.4    	  5178.4    	  5015.0    	     0.00000	  1991.0    	  96.000    	  4.0000    	  4.5725    	  5.4285    	 0.46179    	     0.00000	  133.70    
   97.0000    	  1.4860    	 2.17780E+07	  22.100    	  34.500    	 2.17780E+07	 9.46864E+06	  452.77    	  1.0500    	 2.40585E-03	 2.40673E-03	  1.0000    	  1.0000    	  1.0000    	 4.69337E+08	  4.4799    	  13172.    	  4759.1    	  1861.4    	  1111.0    	  2972.4    	  5440.5    	  5319.8    	     0.00000	  1991.0    	  97.000    	  4.0000    	  4.6615    	  5.3271    	 0.49628    	     0.00000	  133.70    
   98.0000    	  1.5162    	 2.03380E+07	  23.200    	  32.500    	 2.03380E+07	 8.82363E+06	  462.23    	  1.0426    	 2.40511E-03	 2.40585E-03	  1.0000    	  1.0000    	  1.0000    	 4.69337E+08	  4.3749    	  13411.    	  4735.2    	  1818.4    	  1154.0    	  2972.4    	  5703.2    	  5625.2    	     0.00000	  1991.0    	  98.000    	  4.0000    	  4.3724    	  4.8594    	 0.49060    	     0.00000	  133.70    
   99.0000    	  1.5487    	 1.85750E+07	  23.700    	  31.600    	 1.85750E+07	 8.04661E+06	  471.06    	  1.0354    	 2.40441E-03	 2.40511E-03	  1.0000    	  1.0000    	  1.0000    	 4.69337E+08	  4.2703    	  13648.    	  4713.6    	  1775.5    	  1196.9    	  2972.4    	  5961.7    	  5925.8    	     0.00000	  1991.0    	  99.000    	  4.0000    	  4.1711    	  4.7270    	 0.49314    	     0.00000	  133.70    
   100.000    	  1.5822    	 1.51910E+07	  23.200    	  32.100    	 1.51910E+07	 6.59747E+06	  479.10    	  1.0276    	 2.40380E-03	 2.40441E-03	  1.0000    	  1.0000    	  1.0000    	 4.69337E+08	  4.1660    	  13875.    	  4694.2    	  1732.6    	  1239.8    	  2972.4    	  6208.4    	  6212.7    	     0.00000	  1991.0    	  100.00    	  4.0000    	  3.6116    	  4.0747    	 0.44985    	     0.00000	  133.70    
   101.000    	  1.6150    	 1.97620E+07	  22.500    	  31.800    	 1.97620E+07	 8.42546E+06	  485.70    	  1.0195    	 2.40328E-03	 2.40380E-03	  1.0000    	  1.0000    	  1.0000    	 4.69337E+08	  4.0620    	  14070.    	  4676.7    	  1689.8    	  1282.6    	  2972.4    	  6420.9    	  6459.8    	     0.00000	  1991.0    	  101.00    	  4.0000    	  4.4543    	  5.1664    	 0.58442    	     0.00000	  133.70    
   102.000    	  1.6474    	 2.60260E+07	  22.000    	  32.700    	 2.60260E+07	 1.08218E+07	  494.13    	  1.0115    	 2.40283E-03	 2.40328E-03	  1.0000    	  1.0000    	  1.0000    	 4.69337E+08	  3.9566    	  14305.    	  4661.0    	  1646.3    	  1326.1    	  2972.4    	  6671.3    	  6751.0    	     0.00000	  1991.0    	  102.00    	  4.0000    	  5.3132    	  5.9232    	 0.73485    	     0.00000	  133.70    
   103.000    	  1.6790    	 2.26780E+07	  22.700    	  32.100    	 2.26780E+07	 9.44054E+06	  504.95    	  1.0036    	 2.40246E-03	 2.40283E-03	  1.0000    	  1.0000    	  1.0000    	 4.69337E+08	  3.8475    	  14549.    	  4646.8    	  1601.3    	  1371.1    	  2972.4    	  6929.3    	  7051.0    	     0.00000	  1991.0    	  103.00    	  4.0000    	  4.7924    	  5.1989    	 0.69995    	     0.00000	  133.70    
   104.000    	  1.7114    	 2.45860E+07	  23.300    	  31.700    	 2.45860E+07	 1.00809E+07	  514.39    	 0.99590    	 2.40212E-03	 2.40246E-03	  1.0000    	  1.0000    	  1.0000    	 4.69337E+08	  3.7356    	  14789.    	  4634.1    	  1554.9    	  1417.5    	  2972.4    	  7182.1    	  7344.8    	     0.00000	  1991.0    	  104.00    	  4.0000    	  5.3778    	  6.1680    	 0.83068    	     0.00000	  133.70    
   105.000    	  1.7445    	 2.51260E+07	  23.500    	  32.000    	 2.51260E+07	 1.01768E+07	  524.47    	 0.98794    	 2.40183E-03	 2.40212E-03	  1.0000    	  1.0000    	  1.0000    	 4.69337E+08	  3.6209    	  15028.    	  4622.6    	  1507.4    	  1465.0    	  2972.4    	  7433.0    	  7636.7    	     0.00000	  1991.0    	  105.00    	  4.0000    	  5.4224    	  5.9981    	 0.88700    	     0.00000	  133.70    
   106.000    	  1.7776    	 2.07700E+07	  23.500    	  31.500    	 2.07700E+07	 8.43730E+06	  534.65    	 0.97980    	 2.40158E-03	 2.40183E-03	  1.0000    	  1.0000    	  1.0000    	 4.69337E+08	  3.5038    	  15263.    	  4612.3    	  1458.8    	  1513.6    	  2972.4    	  7678.0    	  7921.5    	     0.00000	  1991.0    	  106.00    	  4.0000    	  4.6179    	  5.0095    	 0.80096    	     0.00000	  133.70    
   107.000    	  1.8110    	 2.00140E+07	  25.400    	  32.200    	 2.00140E+07	 8.05271E+06	  543.08    	 0.97163    	 2.40136E-03	 2.40158E-03	  1.0000    	  1.0000    	  1.0000    	 4.69337E+08	  3.3847    	  15488.    	  4603.0    	  1409.4    	  1563.0    	  2972.4    	  7912.6    	  8194.3    	     0.00000	  1991.0    	  107.00    	  4.0000    	  4.7689    	  5.2818    	 0.87789    	     0.00000	  133.70    
   108.000    	  1.8453    	 2.47300E+07	  25.500    	  33.000    	 2.47300E+07	 9.65084E+06	  551.14    	 0.96338    	 2.40116E-03	 2.40136E-03	  1.0000    	  1.0000    	  1.0000    	 4.69337E+08	  3.2641    	  15699.    	  4594.6    	  1359.3    	  1613.1    	  2972.4    	  8132.2    	  8449.6    	     0.00000	  1991.0    	  108.00    	  4.0000    	  5.5742    	  6.0184    	  1.0899    	     0.00000	  133.70    
   109.000    	  1.8789    	 1.60910E+07	  26.000    	  32.000    	 1.60910E+07	 6.38761E+06	  560.79    	 0.95489    	 2.40100E-03	 2.40116E-03	  1.0000    	  1.0000    	  1.0000    	 4.69337E+08	  3.1422    	  15914.    	  4587.1    	  1308.6    	  1663.8    	  2972.4    	  8354.3    	  8707.9    	     0.00000	  1991.0    	  109.00    	  4.0000    	  3.9071    	  4.0766    	 0.81195    	  5.2000    	  133.70    
   110.000    	  1.9138    	 2.44060E+07	  24.500    	  33.400    	 2.44060E+07	 9.23183E+06	  567.18    	 0.94654    	 2.40085E-03	 2.40100E-03	  1.0000    	  1.0000    	  1.0000    	 4.69337E+08	  3.0196    	  16093.    	  4580.4    	  1257.7    	  1714.7    	  2972.4    	  8540.6    	  8924.5    	     0.00000	  1991.0    	  110.00    	  4.0000    	  5.4844    	  5.7703    	  1.2118    	     0.00000	  138.90    
   111.000    	  1.9465    	 1.82150E+07	  24.600    	  31.200    	 1.82150E+07	 6.93762E+06	  576.41    	 0.93788    	 2.40074E-03	 2.40085E-03	  1.0000    	  1.0000    	  1.0000    	 4.69337E+08	  2.8966    	  16300.    	  4574.3    	  1206.5    	  1765.9    	  2972.4    	  8753.1    	  9171.6    	     0.00000	  1991.0    	  111.00    	  4.0000    	  4.3668    	  4.6472    	  1.0261    	  17.400    	  138.90    
   112.000    	  1.9809    	 2.07340E+07	  24.000    	  31.500    	 2.07340E+07	 7.66371E+06	  583.35    	 0.92976    	 2.40063E-03	 2.40074E-03	  1.0000    	  1.0000    	  1.0000    	 4.69337E+08	  2.7738    	  16491.    	  4568.8    	  1155.4    	  1817.0    	  2972.4    	  8949.7    	  9400.3    	     0.00000	  1991.0    	  112.00    	  4.0000    	  4.6143    	  4.5685    	  1.1529    	     0.00000	  156.30    
   113.000    	  2.0146    	 2.40460E+07	  23.700    	  31.500    	 2.40460E+07	 8.57072E+06	  591.01    	 0.92121    	 2.40054E-03	 2.40063E-03	  1.0000    	  1.0000    	  1.0000    	 4.69337E+08	  2.6516    	  16688.    	  4563.8    	  1104.5    	  1867.9    	  2972.4    	  9151.4    	  9634.8    	     0.00000	  1991.0    	  113.00    	  4.0000    	  5.3460    	  5.4518    	  1.4199    	     0.00000	  156.30    




 WARNING from FSE:
 There have been errors and/or warnings from
 the weather system, check file WEATHER.LOG
