*     Rice grown in potential water production situation
*     Rice grown in potential N production situation
*     ORYZA model runs to simulate an experiment
*     Rice crop is direct-seeded
*     SETPMD: Penman evapotranspiration
*============================================================================
*
* FSE driver info:
*     Year: 1991, day:  54, System start
*     Year: 1991, day: 143, System end
*----------------------------------------------------------------------------
* Output table number  :  0 (=first output table)
* Output table format  : Spreadsheet output
* Simulation results
 
TIME	DVS	RDD	TMIN	TMAX	DTR	RAPCDT	PARCUM	NFLV	SLA	SLASIM	LESTRS	LRSTRS	PCEW	NSP	LAI	WAGT	WST	WLVG	WLVD	WLV	WSO	WRR14	ZRT	YEAR	DOY	CROPSTA	ETD	TRC	EVSC	RAIN	RAINCU
 
   54.0000    	     0.00000	 9.58200E+06	  21.500    	  29.000    	 9.58200E+06	  23737.    	     0.00000	 0.50000    	 6.00000E-03	 1.32000E-02	  1.0000    	  1.0000    	  1.0000    	     0.00000	 1.32000E-02	 2.00000E-02	     0.00000	     0.00000	     0.00000	 1.00000E-02	     0.00000	     0.00000	 1.00000E-04	  1991.0    	  54.000    	  1.0000    	  3.4714    	     0.00000	  3.4714    	  18.000    	     0.00000
   55.0000    	 1.14022E-02	 1.13390E+07	  24.000    	  30.000    	 1.13390E+07	  32007.    	 2.37371E-02	 0.50000    	 6.00000E-03	 6.71639E-02	  1.0000    	  1.0000    	  1.0000    	     0.00000	 1.51354E-02	 0.45070    	 0.22535    	 0.22535    	     0.00000	 0.22535    	     0.00000	     0.00000	     0.00000	  1991.0    	  55.000    	  4.0000    	  4.4800    	 4.29626E-02	  4.4462    	  6.0000    	  18.000    
   56.0000    	 2.39612E-02	 8.99600E+06	  23.500    	  30.500    	 8.99600E+06	  29839.    	 5.57443E-02	 0.88333    	 6.00000E-03	 3.47274E-02	  1.0000    	  1.0000    	  1.0000    	     0.00000	 1.75798E-02	  1.0124    	 0.50622    	 0.50622    	     0.00000	 0.50622    	     0.00000	     0.00000	     0.00000	  1991.0    	  56.000    	  4.0000    	  4.0116    	 4.81973E-02	  3.9765    	  7.0000    	  24.000    
   57.0000    	 3.64169E-02	 1.13390E+07	  23.500    	  31.500    	 1.13390E+07	  43255.    	 8.55829E-02	 0.88333    	 6.00000E-03	 2.44361E-02	  1.0000    	  1.0000    	  1.0000    	     0.00000	 2.03956E-02	  1.6693    	 0.83465    	 0.83465    	     0.00000	 0.83465    	     0.00000	     0.00000	     0.00000	  1991.0    	  57.000    	  4.0000    	  4.7017    	 6.26070E-02	  4.6540    	  8.0000    	  31.000    
   58.0000    	 4.87748E-02	 1.13390E+07	  24.000    	  31.500    	 1.13390E+07	  50195.    	 0.12884    	 0.88333    	 6.00000E-03	 1.85003E-02	  1.0000    	  1.0000    	  1.0000    	     0.00000	 2.36368E-02	  2.5553    	  1.2776    	  1.2776    	     0.00000	  1.2776    	     0.00000	     0.00000	     0.00000	  1991.0    	  58.000    	  4.0000    	  4.5870    	 6.94537E-02	  4.5331    	     0.00000	  39.000    
   59.0000    	 6.12800E-02	 1.37240E+07	  22.500    	  31.500    	 1.37240E+07	  69590.    	 0.17903    	 0.88333    	 6.00000E-03	 1.52920E-02	  1.0000    	  1.0000    	  1.0000    	     0.00000	 2.74377E-02	  3.5885    	  1.7943    	  1.7943    	     0.00000	  1.7943    	     0.00000	     0.00000	     0.00000	  1991.0    	  59.000    	  4.0000    	  5.1469    	 9.16960E-02	  5.0768    	  1.0000    	  39.000    
   60.0000    	 7.33433E-02	 1.44190E+07	  22.500    	  30.000    	 1.44190E+07	  84255.    	 0.24862    	 0.88333    	 6.00000E-03	 1.28062E-02	  1.0000    	  1.0000    	  1.0000    	     0.00000	 3.16940E-02	  4.9498    	  2.4749    	  2.4749    	     0.00000	  2.4749    	     0.00000	     0.00000	     0.00000	  1991.0    	  60.000    	  4.0000    	  5.1070    	 0.10296    	  5.0267    	  45.000    	  40.000    
   61.0000    	 8.54066E-02	 1.32920E+07	  24.000    	  30.000    	 1.32920E+07	  90279.    	 0.33288    	 0.88333    	 6.00000E-03	 1.10969E-02	  1.0000    	  1.0000    	  1.0000    	     0.00000	 3.66106E-02	  6.5983    	  3.2992    	  3.2992    	     0.00000	  3.2992    	     0.00000	     0.00000	     0.00000	  1991.0    	  61.000    	  4.0000    	  4.7974    	 0.10840    	  4.7104    	  3.0000    	  85.000    
   62.0000    	 9.79656E-02	 1.41270E+07	  23.000    	  29.500    	 1.41270E+07	 1.10962E+05	 0.42316    	 0.88333    	 6.00000E-03	 1.00958E-02	  1.0000    	  1.0000    	  1.0000    	     0.00000	 4.25232E-02	  8.4239    	  4.2120    	  4.2120    	     0.00000	  4.2120    	     0.00000	     0.00000	     0.00000	  1991.0    	  62.000    	  4.0000    	  5.0047    	 0.13300    	  4.8994    	  3.0000    	  88.000    
   63.0000    	 0.11003    	 1.25000E+07	  23.000    	  31.000    	 1.25000E+07	 1.14468E+05	 0.53412    	 0.88333    	 6.00000E-03	 9.21763E-03	  1.0000    	  1.0000    	  1.0000    	     0.00000	 4.91196E-02	  10.658    	  5.3289    	  5.3289    	     0.00000	  5.3289    	     0.00000	     0.00000	     0.00000	  1991.0    	  63.000    	  4.0000    	  5.0688    	 0.16622    	  4.9459    	  4.0000    	  91.000    
   64.0000    	 0.12230    	 1.23600E+07	  23.500    	  29.500    	 1.23600E+07	 1.31080E+05	 0.64859    	 0.88333    	 6.00000E-03	 8.71312E-03	  1.0000    	  1.0000    	  1.0000    	     0.00000	 5.68722E-02	  13.054    	  6.5272    	  6.5272    	     0.00000	  6.5272    	     0.00000	     0.00000	     0.00000	  1991.0    	  64.000    	  4.0000    	  4.7808    	 0.17427    	  4.6468    	     0.00000	  95.000    
   65.0000    	 0.13453    	 1.53540E+07	  24.000    	  31.000    	 1.53540E+07	 1.85247E+05	 0.77967    	 0.88333    	 6.00000E-03	 8.29506E-03	  1.0000    	  1.0000    	  1.0000    	     0.00000	 6.58154E-02	  15.869    	  7.9343    	  7.9343    	     0.00000	  7.9343    	     0.00000	     0.00000	     0.00000	  1991.0    	  65.000    	  4.0000    	  5.5599    	 0.23205    	  5.3799    	  7.0000    	  95.000    
   66.0000    	 0.14712    	 1.39230E+07	  22.500    	  29.500    	 1.39230E+07	 1.96241E+05	 0.96491    	 0.88333    	 6.00000E-03	 7.82868E-03	  1.0000    	  1.0000    	  1.0000    	     0.00000	 7.64717E-02	  19.536    	  9.7682    	  9.7682    	     0.00000	  9.7682    	     0.00000	     0.00000	     0.00000	  1991.0    	  66.000    	  4.0000    	  4.9205    	 0.23600    	  4.7359    	     0.00000	  102.00    
   67.0000    	 0.15902    	 1.46710E+07	  23.500    	  29.000    	 1.46710E+07	 2.37142E+05	  1.1612    	 0.88333    	 5.91610E-03	 7.44420E-03	  1.0000    	  1.0000    	  1.0000    	     0.00000	 8.81719E-02	  23.689    	  11.844    	  11.844    	     0.00000	  11.844    	     0.00000	     0.00000	     0.00000	  1991.0    	  67.000    	  4.0000    	  5.1426    	 0.28225    	  4.9208    	  35.000    	  102.00    
   68.0000    	 0.17108    	 1.57520E+07	  23.000    	  29.000    	 1.57520E+07	 2.92120E+05	  1.3983    	 0.89586    	 5.78047E-03	 7.10684E-03	  1.0000    	  1.0000    	  1.0000    	     0.00000	 0.10185    	  28.662    	  14.331    	  14.331    	     0.00000	  14.331    	     0.00000	     0.00000	     0.00000	  1991.0    	  68.000    	  4.0000    	  5.1721    	 0.31806    	  4.9153    	  4.0000    	  137.00    
   69.0000    	 0.18298    	 1.60830E+07	  23.000    	  30.000    	 1.60830E+07	 3.42764E+05	  1.6904    	 0.91688    	 5.65142E-03	 6.76388E-03	  1.0000    	  1.0000    	  1.0000    	     0.00000	 0.11743    	  34.723    	  17.362    	  17.362    	     0.00000	  17.362    	     0.00000	     0.00000	     0.00000	  1991.0    	  69.000    	  4.0000    	  5.3569    	 0.38583    	  5.0514    	  14.000    	  141.00    
   70.0000    	 0.19521    	 1.47190E+07	  24.000    	  31.000    	 1.47190E+07	 3.63935E+05	  2.0332    	 0.93782    	 5.52349E-03	 6.49522E-03	  1.0000    	  1.0000    	  1.0000    	     0.00000	 0.13590    	  41.846    	  20.923    	  20.923    	     0.00000	  20.923    	     0.00000	     0.00000	     0.00000	  1991.0    	  70.000    	  4.0000    	  5.3270    	 0.45185    	  4.9771    	  4.0000    	  155.00    
   71.0000    	 0.20780    	 1.47620E+07	  23.500    	  30.500    	 1.47620E+07	 4.22264E+05	  2.3971    	 0.95954    	 5.39659E-03	 6.35282E-03	  1.0000    	  1.0000    	  1.0000    	     0.00000	 0.15790    	  49.711    	  24.856    	  24.856    	     0.00000	  24.856    	     0.00000	     0.00000	     0.00000	  1991.0    	  71.000    	  4.0000    	  5.1714    	 0.50267    	  4.7788    	     0.00000	  159.00    
   72.0000    	 0.22026    	 1.48860E+07	  23.500    	  30.500    	 1.48860E+07	 4.91374E+05	  2.8194    	 0.98210    	 5.27568E-03	 6.20226E-03	  1.0000    	  1.0000    	  1.0000    	     0.00000	 0.18319    	  59.073    	  29.537    	  29.537    	     0.00000	  29.537    	     0.00000	     0.00000	     0.00000	  1991.0    	  72.000    	  4.0000    	  5.1883    	 0.58256    	  4.7342    	     0.00000	  159.00    
   73.0000    	 0.23271    	 1.62810E+07	  24.000    	  31.000    	 1.62810E+07	 6.16261E+05	  3.3108    	  1.0046    	 5.15920E-03	 6.05937E-03	  1.0000    	  1.0000    	  1.0000    	     0.00000	 0.21254    	  70.151    	  35.076    	  35.076    	     0.00000	  35.076    	     0.00000	     0.00000	     0.00000	  1991.0    	  73.000    	  4.0000    	  5.5473    	 0.71552    	  4.9880    	     0.00000	  159.00    
   74.0000    	 0.24530    	 1.52250E+07	  22.500    	  31.500    	 1.52250E+07	 6.68230E+05	  3.9270    	  1.0273    	 5.04580E-03	 5.89621E-03	  1.0000    	  1.0000    	  1.0000    	     0.00000	 0.24695    	  83.765    	  41.883    	  41.883    	     0.00000	  41.883    	     0.00000	     0.00000	     0.00000	  1991.0    	  74.000    	  4.0000    	  5.2541    	 0.79039    	  4.6438    	     0.00000	  159.00    
   75.0000    	 0.25737    	 1.53660E+07	  23.000    	  31.500    	 1.53660E+07	 7.72846E+05	  4.5952    	  1.0504    	 4.94110E-03	 5.74896E-03	  1.0000    	  1.0000    	  1.0000    	     0.00000	 0.28526    	  99.238    	  49.619    	  49.619    	     0.00000	  49.619    	     0.00000	     0.00000	     0.00000	  1991.0    	  75.000    	  4.0000    	  5.3293    	 0.92115    	  4.6209    	     0.00000	  159.00    
   76.0000    	 0.26958    	 1.69740E+07	  23.500    	  32.000    	 1.69740E+07	 9.72118E+05	  5.3681    	  1.0726    	 4.83891E-03	 5.62385E-03	  1.0000    	  1.0000    	  1.0000    	     0.00000	 0.33005    	  117.37    	  58.687    	  58.687    	     0.00000	  58.687    	     0.00000	     0.00000	     0.00000	  1991.0    	  76.000    	  4.0000    	  5.7448    	  1.1593    	  4.8708    	  41.000    	  159.00    
   77.0000    	 0.28185    	 1.44290E+07	  24.000    	  31.500    	 1.44290E+07	 9.59396E+05	  6.3402    	  1.0953    	 4.73993E-03	 5.47337E-03	  1.0000    	  1.0000    	  1.0000    	     0.00000	 0.38212    	  139.63    	  69.814    	  69.814    	     0.00000	  69.814    	     0.00000	     0.00000	     0.00000	  1991.0    	  77.000    	  4.0000    	  5.2152    	  1.2084    	  4.3082    	     0.00000	  200.00    
   78.0000    	 0.29435    	 1.41590E+07	  24.000    	  30.000    	 1.41590E+07	 1.08153E+06	  7.2996    	  1.1182    	 4.64273E-03	 5.43038E-03	  1.0000    	  1.0000    	  1.0000    	     0.00000	 0.44356    	  163.36    	  81.682    	  81.682    	     0.00000	  81.682    	     0.00000	     0.00000	     0.00000	  1991.0    	  78.000    	  4.0000    	  4.8412    	  1.2355    	  3.8782    	     0.00000	  200.00    
   79.0000    	 0.30691    	 1.59700E+07	  25.000    	  31.500    	 1.59700E+07	 1.38273E+06	  8.3811    	  1.1416    	 4.54871E-03	 5.38775E-03	  1.0000    	  1.0000    	  1.0000    	     0.00000	 0.51520    	  191.25    	  95.624    	  95.624    	     0.00000	  95.624    	     0.00000	     0.00000	     0.00000	  1991.0    	  79.000    	  4.0000    	  5.5267    	  1.6660    	  4.2716    	     0.00000	  200.00    
   80.0000    	 0.31971    	 1.48270E+07	  23.500    	  30.500    	 1.48270E+07	 1.48011E+06	  9.7639    	  1.1652    	 4.45647E-03	 5.31935E-03	  1.0000    	  1.0000    	  1.0000    	     0.00000	 0.60000    	  225.59    	  112.80    	  112.80    	     0.00000	  112.80    	     0.00000	     0.00000	     0.00000	  1991.0    	  80.000    	  4.0000    	  5.2036    	  1.8687    	  3.8549    	     0.00000	  200.00    
   81.0000    	 0.33217    	 1.65470E+07	  25.000    	  29.500    	 1.65470E+07	 1.86364E+06	  11.244    	  1.1893    	 4.37004E-03	 5.25865E-03	  1.0000    	  1.0000    	  1.0000    	     0.00000	 0.69610    	  264.75    	  132.37    	  132.37    	     0.00000	  132.37    	     0.00000	     0.00000	     0.00000	  1991.0    	  81.000    	  4.0000    	  5.3445    	  2.0606    	  3.7736    	     0.00000	  200.00    
   82.0000    	 0.34489    	 1.37640E+07	  24.000    	  30.000    	 1.37640E+07	 1.79420E+06	  13.108    	  1.2128    	 4.28502E-03	 5.16866E-03	  1.0000    	  1.0000    	  1.0000    	     0.00000	 0.81000    	  313.43    	  156.71    	  156.71    	     0.00000	  156.71    	     0.00000	     0.00000	     0.00000	  1991.0    	  82.000    	  4.0000    	  4.8230    	  2.2264    	  3.2169    	  14.000    	  200.00    
   83.0000    	 0.35745    	 1.50150E+07	  23.500    	  31.500    	 1.50150E+07	 2.19959E+06	  14.902    	  1.2369    	 4.20422E-03	 5.16846E-03	  1.0000    	  1.0000    	  1.0000    	     0.00000	 0.94082    	  364.06    	  182.03    	  182.03    	     0.00000	  182.03    	     0.00000	     0.00000	     0.00000	  1991.0    	  83.000    	  4.0000    	  5.1826    	  2.7885    	  3.2378    	     0.00000	  214.00    
   84.0000    	 0.36981    	 1.52540E+07	  23.000    	  31.000    	 1.52540E+07	 2.51447E+06	  17.101    	  1.2606    	 4.12764E-03	 5.13635E-03	  1.0000    	  1.0000    	  1.0000    	     0.00000	  1.0903    	  425.25    	  212.98    	  212.28    	     0.00000	  212.28    	     0.00000	     0.00000	     0.00000	  1991.0    	  84.000    	  4.0000    	  5.1862    	  3.2075    	  3.0067    	     0.00000	  214.00    
   85.0000    	 0.38208    	 1.49960E+07	  23.000    	  31.500    	 1.49960E+07	 2.58845E+06	  19.616    	  1.2840    	 4.05434E-03	 4.65375E-03	  1.0000    	  1.0000    	  1.0000    	     0.00000	  1.1498    	  497.03    	  249.96    	  247.07    	     0.00000	  247.07    	     0.00000	     0.00000	     0.00000	  1991.0    	  85.000    	  4.0000    	  5.1313    	  3.3310    	  2.8877    	     0.00000	  214.00    
   86.0000    	 0.39429    	 1.42230E+07	  24.000    	  30.000    	 1.42230E+07	 2.58278E+06	  22.204    	  1.3072    	 3.98404E-03	 4.30418E-03	  1.0000    	  1.0000    	  1.0000    	     0.00000	  1.2159    	  571.56    	  289.06    	  282.50    	     0.00000	  282.50    	     0.00000	     0.00000	     0.00000	  1991.0    	  86.000    	  4.0000    	  4.9686    	  3.3639    	  2.7052    	  20.000    	  214.00    
   87.0000    	 0.40685    	 1.46670E+07	  22.500    	  31.500    	 1.46670E+07	 2.83528E+06	  24.787    	  1.3303    	 3.91438E-03	 4.15335E-03	  1.0000    	  1.0000    	  1.0000    	     0.00000	  1.3222    	  648.52    	  330.16    	  318.35    	     0.00000	  318.35    	     0.00000	     0.00000	     0.00000	  1991.0    	  87.000    	  4.0000    	  5.1903    	  3.9830    	  2.6796    	     0.00000	  234.00    
   88.0000    	 0.42068    	 1.42120E+07	  21.500    	  31.000    	 1.42120E+07	 2.94358E+06	  27.622    	  1.3475    	 3.84062E-03	 4.04231E-03	  1.0000    	  1.0000    	  1.0000    	     0.00000	  1.4426    	  732.95    	  376.07    	  356.88    	     0.00000	  356.88    	     0.00000	     0.00000	     0.00000	  1991.0    	  88.000    	  4.0000    	  4.9562    	  4.0679    	  2.4093    	     0.00000	  234.00    
   89.0000    	 0.43421    	 1.59510E+07	  23.000    	  31.500    	 1.59510E+07	 3.47388E+06	  30.566    	  1.3600    	 3.77139E-03	 3.94200E-03	  1.0000    	  1.0000    	  1.0000    	     0.00000	  1.5663    	  823.76    	  426.42    	  397.35    	     0.00000	  397.35    	     0.00000	     0.00000	     0.00000	  1991.0    	  89.000    	  4.0000    	  5.2636    	  4.4788    	  2.4052    	     0.00000	  234.00    
   90.0000    	 0.44821    	 1.48190E+07	  23.000    	  32.500    	 1.48190E+07	 3.45440E+06	  34.040    	  1.3716    	 3.70263E-03	 3.85347E-03	  1.0000    	  1.0000    	  1.0000    	     0.00000	  1.7055    	  927.70    	  485.12    	  442.58    	     0.00000	  442.58    	     0.00000	     0.00000	     0.00000	  1991.0    	  90.000    	  4.0000    	  5.1738    	  4.8716    	  2.2053    	     0.00000	  234.00    
   91.0000    	 0.46199    	 1.43690E+07	  23.000    	  31.500    	 1.43690E+07	 3.53805E+06	  37.494    	  1.3830    	 3.63776E-03	 3.77109E-03	  1.0000    	  1.0000    	  1.0000    	     0.00000	  1.8372    	  1032.8    	  545.58    	  487.17    	     0.00000	  487.17    	     0.00000	     0.00000	     0.00000	  1991.0    	  91.000    	  4.0000    	  4.9999    	  5.0510    	  1.9954    	  11.000    	  234.00    
   92.0000    	 0.47599    	 1.39840E+07	  24.500    	  30.000    	 1.39840E+07	 3.61912E+06	  41.032    	  1.3936    	 3.57450E-03	 3.69584E-03	  1.0000    	  1.0000    	  1.0000    	     0.00000	  1.9701    	  1143.6    	  610.58    	  533.07    	     0.00000	  533.07    	     0.00000	     0.00000	     0.00000	  1991.0    	  92.000    	  4.0000    	  4.6656    	  4.6261    	  1.7422    	     0.00000	  245.00    
   93.0000    	 0.49058    	 1.45740E+07	  24.000    	  30.500    	 1.45740E+07	 3.92247E+06	  44.651    	  1.4038    	 3.51135E-03	 3.62453E-03	  1.0000    	  1.0000    	  1.0000    	     0.00000	  2.1018    	  1259.8    	  679.91    	  579.88    	     0.00000	  579.88    	     0.00000	     0.00000	     0.00000	  1991.0    	  93.000    	  4.0000    	  4.6469    	  4.6377    	  1.6247    	     0.00000	  245.00    
   94.0000    	 0.50505    	 1.56710E+07	  23.500    	  31.000    	 1.56710E+07	 4.36211E+06	  48.574    	  1.4136    	 3.45141E-03	 3.55493E-03	  1.0000    	  1.0000    	  1.0000    	     0.00000	  2.2367    	  1385.6    	  756.42    	  629.18    	     0.00000	  629.18    	     0.00000	     0.00000	     0.00000	  1991.0    	  94.000    	  4.0000    	  4.9593    	  5.1818    	  1.6208    	  3.0000    	  245.00    
   95.0000    	 0.51930    	 1.53970E+07	  25.000    	  30.500    	 1.53970E+07	 4.46226E+06	  52.936    	  1.4226    	 3.39483E-03	 3.48960E-03	  1.0000    	  1.0000    	  1.0000    	     0.00000	  2.3799    	  1524.4    	  842.34    	  682.01    	     0.00000	  682.01    	     0.00000	     0.00000	     0.00000	  1991.0    	  95.000    	  4.0000    	  5.0472    	  5.4395    	  1.5355    	     0.00000	  248.00    
   96.0000    	 0.53413    	 1.63890E+07	  24.500    	  30.000    	 1.63890E+07	 4.89067E+06	  57.398    	  1.4307    	 3.33848E-03	 3.42862E-03	  1.0000    	  1.0000    	  1.0000    	     0.00000	  2.5196    	  1667.3    	  932.43    	  734.86    	     0.00000	  734.86    	     0.00000	     0.00000	     0.00000	  1991.0    	  96.000    	  4.0000    	  5.0379    	  5.2968    	  1.4293    	  5.0000    	  248.00    
   97.0000    	 0.54873    	 1.52880E+07	  23.000    	  29.500    	 1.52880E+07	 4.74393E+06	  62.289    	  1.4383    	 3.28544E-03	 3.36855E-03	  1.0000    	  1.0000    	  1.0000    	     0.00000	  2.6658    	  1825.0    	  1033.6    	  791.36    	     0.00000	  791.36    	     0.00000	     0.00000	     0.00000	  1991.0    	  97.000    	  4.0000    	  4.6887    	  5.0741    	  1.2365    	     0.00000	  253.00    
   98.0000    	 0.56256    	 1.66410E+07	  23.500    	  30.000    	 1.66410E+07	 5.27873E+06	  67.033    	  1.4450    	 3.23725E-03	 3.31242E-03	  1.0000    	  1.0000    	  1.0000    	     0.00000	  2.8050    	  1984.7    	  1137.9    	  846.81    	     0.00000	  846.81    	     0.00000	     0.00000	     0.00000	  1991.0    	  98.000    	  4.0000    	  5.2034    	  5.9240    	  1.2799    	  6.0000    	  253.00    
   99.0000    	 0.57677    	 1.45650E+07	  24.000    	  31.500    	 1.45650E+07	 4.80418E+06	  72.312    	  1.4507    	 3.18978E-03	 3.26152E-03	  1.0000    	  1.0000    	  1.0000    	     0.00000	  2.9525    	  2158.4    	  1253.1    	  905.25    	     0.00000	  905.25    	     0.00000	     0.00000	     0.00000	  1991.0    	  99.000    	  4.0000    	  4.8196    	  5.4966    	  1.1013    	     0.00000	  259.00    
   100.000    	 0.59111    	 1.59400E+07	  25.000    	  32.000    	 1.59400E+07	 5.33447E+06	  77.116    	  1.4557    	 3.14389E-03	 3.21192E-03	  1.0000    	  1.0000    	  1.0000    	     0.00000	  3.0730    	  2316.6    	  1359.8    	  956.75    	     0.00000	  956.75    	     0.00000	     0.00000	     0.00000	  1991.0    	  100.00    	  4.0000    	  5.0884    	  5.7240    	  1.0947    	     0.00000	  259.00    
   101.000    	 0.60564    	 1.47870E+07	  23.500    	  30.500    	 1.47870E+07	 5.08200E+06	  82.450    	  1.4600    	 3.09936E-03	 3.16415E-03	  1.0000    	  1.0000    	  1.0000    	     0.00000	  3.1974    	  2487.4    	  1476.9    	  1010.5    	     0.00000	  1010.5    	     0.00000	     0.00000	     0.00000	  1991.0    	  101.00    	  4.0000    	  4.6842    	  5.3000    	 0.94697    	     0.00000	  259.00    
   102.000    	 0.61993    	 1.49020E+07	  24.000    	  30.000    	 1.49020E+07	 5.21316E+06	  87.532    	  1.4636    	 3.05745E-03	 3.11802E-03	  1.0000    	  1.0000    	  1.0000    	     0.00000	  3.3138    	  2659.8    	  1597.0    	  1062.8    	     0.00000	  1062.8    	     0.00000	     0.00000	     0.00000	  1991.0    	  102.00    	  4.0000    	  4.6761    	  5.3325    	 0.89185    	     0.00000	  259.00    
   103.000    	 0.63433    	 1.71530E+07	  24.000    	  29.500    	 1.71530E+07	 6.03811E+06	  92.745    	  1.4663    	 3.01696E-03	 3.07468E-03	  1.0000    	  1.0000    	  1.0000    	     0.00000	  3.4270    	  2837.8    	  1723.2    	  1114.6    	     0.00000	  1114.6    	     0.00000	     0.00000	     0.00000	  1991.0    	  103.00    	  4.0000    	  5.0004    	  5.6308    	 0.90123    	  28.000    	  259.00    
   104.000    	 0.64854    	 1.54660E+07	  23.500    	  29.500    	 1.54660E+07	 5.58427E+06	  98.784    	  1.4682    	 2.97868E-03	 3.03288E-03	  1.0000    	  1.0000    	  1.0000    	     0.00000	  3.5521    	  3041.5    	  1870.3    	  1171.2    	     0.00000	  1171.2    	     0.00000	     0.00000	     0.00000	  1991.0    	  104.00    	  4.0000    	  4.6918    	  5.4145    	 0.79436    	  28.000    	  287.00    
   105.000    	 0.66256    	 1.42730E+07	  24.500    	  31.500    	 1.42730E+07	 5.29575E+06	  104.37    	  1.4694    	 2.94249E-03	 2.99350E-03	  1.0000    	  1.0000    	  1.0000    	     0.00000	  3.6596    	  3235.2    	  2012.7    	  1222.5    	     0.00000	  1222.5    	     0.00000	     0.00000	     0.00000	  1991.0    	  105.00    	  4.0000    	  4.6273    	  5.3557    	 0.74242    	  8.0000    	  315.00    
   106.000    	 0.68410    	 1.35990E+07	  24.500    	  30.500    	 1.35990E+07	 5.17654E+06	  109.66    	  1.4698    	 2.88978E-03	 2.95639E-03	  1.0000    	  1.0000    	  1.0000    	 1.33938E+07	  3.7454    	  3411.1    	  2144.2    	  1266.9    	     0.00000	  1266.9    	     0.00000	     0.00000	     0.00000	  1991.0    	  106.00    	  4.0000    	  4.6551    	  5.6838    	 0.71554    	     0.00000	  323.00    
   107.000    	 0.70584    	 1.54380E+07	  24.000    	  31.500    	 1.54380E+07	 5.93661E+06	  114.84    	  1.4689    	 2.83992E-03	 2.90299E-03	  1.0000    	  1.0000    	  1.0000    	 2.66888E+07	  3.7969    	  3587.5    	  2279.6    	  1307.9    	     0.00000	  1307.9    	     0.00000	     0.00000	     0.00000	  1991.0    	  107.00    	  4.0000    	  4.9412    	  5.9281    	 0.74020    	  60.000    	  323.00    
   108.000    	 0.72712    	 1.68770E+07	  23.500    	  30.000    	 1.68770E+07	 6.56525E+06	  120.78    	  1.4663    	 2.79415E-03	 2.85247E-03	  1.0000    	  1.0000    	  1.0000    	 4.15269E+07	  3.8517    	  3786.7    	  2436.4    	  1350.3    	     0.00000	  1350.3    	     0.00000	     0.00000	     0.00000	  1991.0    	  108.00    	  4.0000    	  4.8502    	  5.5212    	 0.70692    	     0.00000	  383.00    
   109.000    	 0.74821    	 1.62750E+07	  24.000    	  32.500    	 1.62750E+07	 6.45261E+06	  127.34    	  1.4620    	 2.75158E-03	 2.80607E-03	  1.0000    	  1.0000    	  1.0000    	 5.81515E+07	  3.9117    	  4012.2    	  2614.3    	  1394.0    	     0.00000	  1394.0    	  3.9135    	     0.00000	     0.00000	  1991.0    	  109.00    	  4.0000    	  5.2266    	  6.3828    	 0.73928    	     0.00000	  383.00    
   110.000    	 0.76909    	 1.63930E+07	  24.500    	  30.500    	 1.63930E+07	 6.58621E+06	  133.79    	  1.4561    	 2.71202E-03	 2.76297E-03	  1.0000    	  1.0000    	  1.0000    	 7.34192E+07	  3.9530    	  4221.4    	  2772.4    	  1430.7    	     0.00000	  1430.7    	  18.305    	     0.00000	     0.00000	  1991.0    	  110.00    	  4.0000    	  4.8746    	  5.5766    	 0.67541    	     0.00000	  383.00    
   111.000    	 0.79083    	 1.49490E+07	  24.500    	  29.500    	 1.49490E+07	 6.11388E+06	  140.38    	  1.4411    	 2.67338E-03	 2.72292E-03	  1.0000    	  1.0000    	  1.0000    	 8.93032E+07	  3.9897    	  4441.4    	  2931.5    	  1465.2    	     0.00000	  1465.2    	  44.626    	     0.00000	     0.00000	  1991.0    	  111.00    	  4.0000    	  4.6009    	  5.3189    	 0.62586    	     0.00000	  383.00    
   112.000    	 0.81221    	 1.46580E+07	  24.000    	  31.000    	 1.46580E+07	 6.06302E+06	  146.49    	  1.4229    	 2.63777E-03	 2.68386E-03	  1.0000    	  1.0000    	  1.0000    	 1.04230E+08	  4.0099    	  4650.3    	  3075.5    	  1494.1    	     0.00000	  1494.1    	  80.692    	     0.00000	     0.00000	  1991.0    	  112.00    	  4.0000    	  4.7031    	  5.6060    	 0.63335    	  7.0000    	  383.00    
   113.000    	 0.83364    	 1.54980E+07	  23.500    	  29.500    	 1.54980E+07	 6.45223E+06	  152.56    	  1.4032    	 2.60428E-03	 2.65163E-03	  1.0000    	  1.0000    	  1.0000    	 1.18385E+08	  4.0250    	  4850.4    	  3206.8    	  1518.0    	     0.00000	  1518.0    	  125.67    	     0.00000	     0.00000	  1991.0    	  113.00    	  4.0000    	  4.6574    	  5.5058    	 0.62247    	     0.00000	  390.00    
   114.000    	 0.85445    	 1.64350E+07	  24.000    	  29.500    	 1.64350E+07	 6.88112E+06	  159.01    	  1.3818    	 2.57376E-03	 2.62305E-03	  1.0000    	  1.0000    	  1.0000    	 1.33773E+08	  4.0396    	  5070.2    	  3343.6    	  1540.1    	     0.00000	  1540.1    	  186.56    	     0.00000	     0.00000	  1991.0    	  114.00    	  4.0000    	  4.8849    	  5.7602    	 0.64813    	  10.000    	  390.00    
   115.000    	 0.87554    	 1.32850E+07	  25.000    	  30.500    	 1.32850E+07	 5.66092E+06	  165.89    	  1.3594    	 2.54471E-03	 2.60020E-03	  1.0000    	  1.0000    	  1.0000    	 1.49663E+08	  4.0535    	  5299.5    	  3478.8    	  1558.9    	     0.00000	  1558.9    	  261.67    	     0.00000	     0.00000	  1991.0    	  115.00    	  4.0000    	  4.3150    	  5.0192    	 0.56854    	  31.000    	  400.00    
   116.000    	 0.89755    	 1.55400E+07	  24.000    	  31.000    	 1.55400E+07	 6.62631E+06	  171.55    	  1.3351    	 2.51629E-03	 2.58931E-03	  1.0000    	  1.0000    	  1.0000    	 1.61991E+08	  4.0663    	  5479.0    	  3578.9    	  1570.4    	     0.00000	  1570.4    	  329.76    	     0.00000	     0.00000	  1991.0    	  116.00    	  4.0000    	  4.9253    	  5.9190    	 0.64483    	  2.0000    	  431.00    
   117.000    	 0.91898    	 1.56080E+07	  23.500    	  31.500    	 1.56080E+07	 6.69654E+06	  178.18    	  1.3082    	 2.49037E-03	 2.57704E-03	  1.0000    	  1.0000    	  1.0000    	 1.76332E+08	  4.0780    	  5690.1    	  3689.1    	  1582.4    	     0.00000	  1582.4    	  418.52    	     0.00000	     0.00000	  1991.0    	  117.00    	  4.0000    	  5.0027    	  6.1102    	 0.65115    	     0.00000	  433.00    
   118.000    	 0.94001    	 1.47760E+07	  24.000    	  30.500    	 1.47760E+07	 6.39006E+06	  184.87    	  1.2805    	 2.46650E-03	 2.57038E-03	  1.0000    	  1.0000    	  1.0000    	 1.90498E+08	  4.0886    	  5900.6    	  3792.0    	  1590.7    	  3.0036    	  1593.7    	  514.92    	     0.00000	     0.00000	  1991.0    	  118.00    	  4.0000    	  4.8470    	  6.0302    	 0.62755    	     0.00000	  433.00    
   119.000    	 0.96148    	 1.46800E+07	  23.500    	  31.000    	 1.46800E+07	 6.38339E+06	  191.26    	  1.2519    	 2.44364E-03	 2.57023E-03	  1.0000    	  1.0000    	  1.0000    	 2.04018E+08	  4.0979    	  6103.4    	  3884.4    	  1594.4    	  9.3684    	  1603.7    	  615.25    	     0.00000	     0.00000	  1991.0    	  119.00    	  4.0000    	  4.7435    	  5.8234    	 0.61128    	  22.000    	  433.00    
   120.000    	 0.98264    	 1.48300E+07	  24.000    	  31.000    	 1.48300E+07	 6.41255E+06	  197.65    	  1.2215    	 2.42251E-03	 2.44364E-03	  1.0000    	  1.0000    	  1.0000    	 2.17245E+08	  3.8947    	  6303.8    	  3969.0    	  1593.8    	  19.171    	  1613.0    	  721.84    	  123.95    	     0.00000	  1991.0    	  120.00    	  4.0000    	  4.6745    	  5.5005    	 0.66684    	     0.00000	  455.00    
   121.000    	  1.0041    	 1.40230E+07	  24.000    	  31.500    	 1.40230E+07	 6.08468E+06	  204.06    	  1.1902    	 2.40242E-03	 2.42251E-03	  1.0000    	  1.0000    	  1.0000    	 2.30012E+08	  3.8491    	  6499.0    	  4044.9    	  1588.9    	  32.343    	  1621.2    	  832.90    	  253.09    	     0.00000	  1991.0    	  121.00    	  4.0000    	  4.7179    	  5.8071    	 0.68853    	     0.00000	  455.00    
   122.000    	  1.0500    	 1.52160E+07	  24.500    	  31.500    	 1.52160E+07	 6.55664E+06	  210.15    	  1.1645    	 2.36346E-03	 2.40242E-03	  1.0000    	  1.0000    	  1.0000    	 2.30012E+08	  3.7999    	  6659.3    	  4049.6    	  1581.7    	  48.879    	  1630.6    	  979.13    	  423.12    	     0.00000	  1991.0    	  122.00    	  4.0000    	  4.9407    	  5.9523    	 0.73900    	     0.00000	  455.00    
   123.000    	  1.0966    	 1.54060E+07	  23.500    	  31.000    	 1.54060E+07	 6.58911E+06	  216.70    	  1.1720    	 2.32915E-03	 2.36346E-03	  1.0000    	  1.0000    	  1.0000    	 2.30012E+08	  3.7001    	  6829.5    	  4044.3    	  1565.5    	  72.611    	  1638.1    	  1147.1    	  618.42    	     0.00000	  1991.0    	  123.00    	  4.0000    	  5.1577    	  6.5549    	 0.81096    	     0.00000	  455.00    
   124.000    	  1.1423    	 1.63140E+07	  24.500    	  32.500    	 1.63140E+07	 6.90119E+06	  223.29    	  1.1773    	 2.29979E-03	 2.32915E-03	  1.0000    	  1.0000    	  1.0000    	 2.30012E+08	  3.5877    	  7005.7    	  4027.1    	  1540.4    	  103.38    	  1643.7    	  1334.9    	  836.76    	     0.00000	  1991.0    	  124.00    	  4.0000    	  5.2325    	  6.2607    	 0.87025    	     0.00000	  455.00    
   125.000    	  1.1878    	 1.65600E+07	  25.000    	  31.000    	 1.65600E+07	 6.93010E+06	  230.19    	  1.1804    	 2.27426E-03	 2.29979E-03	  1.0000    	  1.0000    	  1.0000    	 2.30012E+08	  3.4648    	  7177.5    	  3996.8    	  1506.6    	  140.70    	  1647.3    	  1533.4    	  1067.6    	     0.00000	  1991.0    	  125.00    	  4.0000    	  5.1673    	  6.0600    	 0.91390    	     0.00000	  455.00    
   126.000    	  1.2352    	 1.60410E+07	  25.000    	  32.000    	 1.60410E+07	 6.64374E+06	  237.12    	  1.1816    	 2.25117E-03	 2.27426E-03	  1.0000    	  1.0000    	  1.0000    	 2.30012E+08	  3.3315    	  7354.9    	  3955.3    	  1464.9    	  184.06    	  1649.0    	  1750.6    	  1320.2    	     0.00000	  1991.0    	  126.00    	  4.0000    	  5.2567    	  6.2115    	 0.99374    	  8.0000    	  455.00    
   127.000    	  1.2818    	 1.44430E+07	  24.500    	  31.000    	 1.44430E+07	 5.92901E+06	  243.77    	  1.1811    	 2.23145E-03	 2.25117E-03	  1.0000    	  1.0000    	  1.0000    	 2.30012E+08	  3.1872    	  7520.0    	  3903.7    	  1415.8    	  233.17    	  1649.0    	  1967.4    	  1572.2    	     0.00000	  1991.0    	  127.00    	  4.0000    	  4.7930    	  5.5876    	 0.97392    	     0.00000	  463.00    
   128.000    	  1.3286    	 1.63220E+07	  22.000    	  30.500    	 1.63220E+07	 6.55129E+06	  249.70    	  1.1790    	 2.21422E-03	 2.23145E-03	  1.0000    	  1.0000    	  1.0000    	 2.30012E+08	  3.0386    	  7674.9    	  3857.3    	  1361.7    	  287.22    	  1649.0    	  2168.7    	  1806.4    	     0.00000	  1991.0    	  128.00    	  4.0000    	  5.0914    	  6.1098    	  1.1143    	     0.00000	  463.00    
   129.000    	  1.3726    	 1.52890E+07	  23.500    	  30.500    	 1.52890E+07	 6.04725E+06	  256.25    	  1.1755    	 2.20010E-03	 2.21422E-03	  1.0000    	  1.0000    	  1.0000    	 2.30012E+08	  2.8859    	  7856.3    	  3815.4    	  1303.4    	  345.59    	  1649.0    	  2391.9    	  2065.9    	     0.00000	  1991.0    	  129.00    	  4.0000    	  4.8864    	  5.5871    	  1.1543    	     0.00000	  463.00    
   130.000    	  1.4184    	 1.53950E+07	  21.500    	  32.000    	 1.53950E+07	 5.96151E+06	  262.29    	  1.1710    	 2.18725E-03	 2.20010E-03	  1.0000    	  1.0000    	  1.0000    	 2.30012E+08	  2.7320    	  8022.0    	  3777.8    	  1241.8    	  407.19    	  1649.0    	  2595.3    	  2302.3    	     0.00000	  1991.0    	  130.00    	  4.0000    	  4.8754    	  5.5774    	  1.2438    	  1.0000    	  463.00    
   131.000    	  1.4614    	 1.57260E+07	  22.500    	  31.500    	 1.57260E+07	 5.93950E+06	  268.26    	  1.1654    	 2.17670E-03	 2.18725E-03	  1.0000    	  1.0000    	  1.0000    	 2.30012E+08	  2.5752    	  8185.8    	  3743.9    	  1177.4    	  471.57    	  1649.0    	  2792.9    	  2532.2    	     0.00000	  1991.0    	  131.00    	  4.0000    	  5.0846    	  5.8242    	  1.4030    	     0.00000	  464.00    
   132.000    	  1.5057    	 1.53050E+07	  23.500    	  32.000    	 1.53050E+07	 5.63722E+06	  274.19    	  1.1592    	 2.16715E-03	 2.17670E-03	  1.0000    	  1.0000    	  1.0000    	 2.30012E+08	  2.4190    	  8348.4    	  3713.4    	  1111.3    	  537.66    	  1649.0    	  2986.0    	  2756.7    	     0.00000	  1991.0    	  132.00    	  4.0000    	  4.9854    	  5.4971    	  1.4874    	     0.00000	  464.00    
   133.000    	  1.5508    	 1.68930E+07	  24.500    	  32.500    	 1.68930E+07	 5.99343E+06	  279.83    	  1.1520    	 2.15865E-03	 2.16715E-03	  1.0000    	  1.0000    	  1.0000    	 2.30012E+08	  2.2625    	  8499.7    	  3686.0    	  1044.0    	  604.98    	  1649.0    	  3164.7    	  2964.5    	     0.00000	  1991.0    	  133.00    	  4.0000    	  5.2599    	  5.4893    	  1.6970    	     0.00000	  464.00    
   134.000    	  1.5964    	 1.47220E+07	  22.500    	  33.000    	 1.47220E+07	 5.09329E+06	  285.83    	  1.1440    	 2.15116E-03	 2.15865E-03	  1.0000    	  1.0000    	  1.0000    	 2.30012E+08	  2.1069    	  8653.6    	  3661.3    	  976.04    	  672.92    	  1649.0    	  3343.3    	  3172.2    	     0.00000	  1991.0    	  134.00    	  4.0000    	  5.0145    	  5.5935    	  1.7487    	     0.00000	  464.00    
   135.000    	  1.6395    	 1.48380E+07	  23.500    	  32.500    	 1.48380E+07	 4.93439E+06	  290.92    	  1.1353    	 2.14495E-03	 2.15116E-03	  1.0000    	  1.0000    	  1.0000    	 2.30012E+08	  1.9534    	  8790.6    	  3639.1    	  908.07    	  740.89    	  1649.0    	  3502.6    	  3357.3    	     0.00000	  1991.0    	  135.00    	  4.0000    	  4.9601    	  5.1238    	  1.8677    	  1.0000    	  464.00    
   136.000    	  1.6841    	 1.56520E+07	  24.500    	  30.500    	 1.56520E+07	 4.96101E+06	  295.85    	  1.1265    	 2.13932E-03	 2.14495E-03	  1.0000    	  1.0000    	  1.0000    	 2.30012E+08	  1.8037    	  8922.6    	  3619.1    	  840.91    	  808.04    	  1649.0    	  3654.6    	  3534.1    	     0.00000	  1991.0    	  136.00    	  4.0000    	  5.0574    	  4.7184    	  2.0524    	     0.00000	  465.00    
   137.000    	  1.7311    	 1.40680E+07	  25.000    	  32.000    	 1.40680E+07	 4.27516E+06	  300.81    	  1.1170    	 2.13415E-03	 2.13932E-03	  1.0000    	  1.0000    	  1.0000    	 2.30012E+08	  1.6579    	  9057.0    	  3601.1    	  774.97    	  873.98    	  1649.0    	  3807.0    	  3711.3    	     0.00000	  1991.0    	  137.00    	  4.0000    	  4.6946    	  3.9389    	  2.0492    	  23.000    	  465.00    
   138.000    	  1.7777    	 1.55430E+07	  24.500    	  30.500    	 1.55430E+07	 4.43044E+06	  305.09    	  1.1065    	 2.12970E-03	 2.13415E-03	  1.0000    	  1.0000    	  1.0000    	 2.30012E+08	  1.5165    	  9170.5    	  3584.9    	  710.57    	  938.39    	  1649.0    	  3936.6    	  3862.1    	     0.00000	  1991.0    	  138.00    	  4.0000    	  4.9348    	  3.8713    	  2.3119    	     0.00000	  488.00    
   139.000    	  1.8246    	 1.61790E+07	  24.000    	  30.000    	 1.61790E+07	 4.31374E+06	  309.52    	  1.0956    	 2.12579E-03	 2.12970E-03	  1.0000    	  1.0000    	  1.0000    	 2.30012E+08	  1.3805    	  9289.1    	  3570.3    	  648.20    	  1000.8    	  1649.0    	  4069.9    	  4017.0    	     0.00000	  1991.0    	  139.00    	  4.0000    	  5.0475    	  3.6631    	  2.5311    	  5.0000    	  488.00    
   140.000    	  1.8708    	 1.59030E+07	  24.000    	  31.500    	 1.59030E+07	 3.95376E+06	  313.83    	  1.0844    	 2.12246E-03	 2.12579E-03	  1.0000    	  1.0000    	  1.0000    	 2.30012E+08	  1.2505    	  9403.8    	  3557.2    	  588.27    	  1060.7    	  1649.0    	  4197.6    	  4165.6    	     0.00000	  1991.0    	  140.00    	  4.0000    	  5.2684    	  3.6951    	  2.8192    	  5.0000    	  493.00    
   141.000    	  1.9168    	 1.57230E+07	  24.500    	  31.000    	 1.57230E+07	 3.61196E+06	  317.79    	  1.0731    	 2.11956E-03	 2.12246E-03	  1.0000    	  1.0000    	  1.0000    	 2.30012E+08	  1.1274    	  9505.6    	  3545.4    	  531.16    	  1117.8    	  1649.0    	  4311.3    	  4297.7    	     0.00000	  1991.0    	  141.00    	  4.0000    	  5.2008    	  3.2651    	  2.9598    	     0.00000	  498.00    
   142.000    	  1.9636    	 1.67730E+07	  23.500    	  30.500    	 1.67730E+07	 3.50235E+06	  321.40    	  1.0615    	 2.11700E-03	 2.11956E-03	  1.0000    	  1.0000    	  1.0000    	 2.30012E+08	  1.0113    	  9598.1    	  3534.8    	  477.15    	  1171.8    	  1649.0    	  4414.4    	  4417.6    	     0.00000	  1991.0    	  142.00    	  4.0000    	  5.3928    	  3.1437    	  3.2524    	     0.00000	  498.00    
   143.000    	  2.0094    	 1.56400E+07	  22.000    	  31.500    	 1.56400E+07	 2.98050E+06	  324.90    	  1.0495    	 2.11482E-03	 2.11700E-03	  1.0000    	  1.0000    	  1.0000    	 2.30012E+08	 0.90268    	  9686.0    	  3525.2    	  426.40    	  1222.6    	  1649.0    	  4511.9    	  4531.0    	     0.00000	  1991.0    	  143.00    	  4.0000    	  5.3092    	  2.8702    	  3.3808    	  4.0000    	  498.00    




 WARNING from FSE:
 There have been errors and/or warnings from
 the weather system, check file WEATHER.LOG
